length	num_GC	number_of_fragments
487	0	2573
487	1	3745
487	2	5727
487	3	7197
487	4	6897
487	5	7668
487	6	9310
487	7	9325
487	8	9691
487	9	11298
487	10	14130
487	11	13743
487	12	13396
487	13	16604
487	14	16730
487	15	17069
487	16	17955
487	17	18171
487	18	20843
487	19	20394
487	20	20204
487	21	19797
487	22	20275
487	23	20428
487	24	20346
487	25	21125
487	26	21072
487	27	20287
487	28	20462
487	29	20666
487	30	21095
487	31	21046
487	32	20014
487	33	20535
487	34	21689
487	35	21479
487	36	22440
487	37	22407
487	38	21835
487	39	21793
487	40	22744
487	41	22392
487	42	24310
487	43	25456
487	44	24912
487	45	24470
487	46	23556
487	47	24958
487	48	25801
487	49	25438
487	50	26610
487	51	27782
487	52	27455
487	53	26534
487	54	27176
487	55	28267
487	56	28311
487	57	28611
487	58	28396
487	59	29195
487	60	29510
487	61	30863
487	62	32020
487	63	32797
487	64	33007
487	65	33100
487	66	34067
487	67	35334
487	68	37182
487	69	37226
487	70	37694
487	71	38522
487	72	38764
487	73	40072
487	74	40457
487	75	42863
487	76	44562
487	77	45240
487	78	47669
487	79	49304
487	80	51460
487	81	52220
487	82	54916
487	83	57209
487	84	60930
487	85	63022
487	86	64328
487	87	66708
487	88	69989
487	89	74057
487	90	78219
487	91	83707
487	92	87832
487	93	96452
487	94	103378
487	95	112341
487	96	122342
487	97	133357
487	98	148768
487	99	169060
487	100	191793
487	101	215978
487	102	245783
487	103	282961
487	104	328458
487	105	378208
487	106	437041
487	107	508559
487	108	596115
487	109	687115
487	110	793700
487	111	916709
487	112	1059289
487	113	1229905
487	114	1426838
487	115	1633931
487	116	1873619
487	117	2141244
487	118	2438407
487	119	2773162
487	120	3137694
487	121	3534916
487	122	3969145
487	123	4456587
487	124	4977473
487	125	5546070
487	126	6163212
487	127	6798736
487	128	7504532
487	129	8231952
487	130	9021967
487	131	9843488
487	132	10705733
487	133	11594545
487	134	12532828
487	135	13488343
487	136	14465586
487	137	15492634
487	138	16529552
487	139	17606214
487	140	18697664
487	141	19795356
487	142	20908970
487	143	22026985
487	144	23160432
487	145	24281398
487	146	25382521
487	147	26515456
487	148	27631027
487	149	28753631
487	150	29830694
487	151	30889942
487	152	31965312
487	153	33000349
487	154	34021261
487	155	35049598
487	156	36061268
487	157	37048307
487	158	38055617
487	159	38965425
487	160	39822923
487	161	40674476
487	162	41539096
487	163	42331156
487	164	43124005
487	165	43870749
487	166	44614544
487	167	45313497
487	168	45966220
487	169	46592207
487	170	47176217
487	171	47754917
487	172	48237912
487	173	48663205
487	174	49134076
487	175	49559552
487	176	49891020
487	177	50206188
487	178	50459439
487	179	50701454
487	180	50926184
487	181	51048323
487	182	51129202
487	183	51199767
487	184	51261952
487	185	51307231
487	186	51291666
487	187	51245784
487	188	51167158
487	189	51072736
487	190	50928908
487	191	50714499
487	192	50442551
487	193	50160838
487	194	49840155
487	195	49423314
487	196	48996944
487	197	48615758
487	198	48270651
487	199	47976364
487	200	47731558
487	201	47530363
487	202	47316041
487	203	47145268
487	204	46962617
487	205	46759061
487	206	46498962
487	207	46260652
487	208	45951561
487	209	45634421
487	210	45232223
487	211	44839120
487	212	44432057
487	213	43970660
487	214	43475991
487	215	42947594
487	216	42401391
487	217	41858060
487	218	41244002
487	219	40679439
487	220	40055865
487	221	39398344
487	222	38704833
487	223	37988308
487	224	37269387
487	225	36535545
487	226	35801881
487	227	35051983
487	228	34291133
487	229	33546621
487	230	32773223
487	231	32015117
487	232	31255159
487	233	30504081
487	234	29772395
487	235	29027664
487	236	28277031
487	237	27544218
487	238	26851654
487	239	26132012
487	240	25450827
487	241	24752571
487	242	24042102
487	243	23346234
487	244	22653376
487	245	21946486
487	246	21246327
487	247	20559805
487	248	19889181
487	249	19203725
487	250	18565707
487	251	17934433
487	252	17280461
487	253	16635213
487	254	16027086
487	255	15421775
487	256	14836613
487	257	14259174
487	258	13717265
487	259	13185191
487	260	12687354
487	261	12214555
487	262	11753294
487	263	11342976
487	264	10902720
487	265	10506559
487	266	10116917
487	267	9755444
487	268	9408482
487	269	9066638
487	270	8728565
487	271	8425884
487	272	8130607
487	273	7848970
487	274	7558471
487	275	7285039
487	276	7030908
487	277	6793716
487	278	6558069
487	279	6328973
487	280	6120878
487	281	5921036
487	282	5730686
487	283	5549806
487	284	5376927
487	285	5205109
487	286	5042106
487	287	4899273
487	288	4754554
487	289	4610948
487	290	4471072
487	291	4335828
487	292	4205543
487	293	4081064
487	294	3945407
487	295	3811705
487	296	3686079
487	297	3587152
487	298	3475749
487	299	3369793
487	300	3259898
487	301	3171960
487	302	3067500
487	303	2967994
487	304	2870264
487	305	2781166
487	306	2682219
487	307	2591932
487	308	2499656
487	309	2411424
487	310	2325706
487	311	2249628
487	312	2166875
487	313	2080543
487	314	1994089
487	315	1910241
487	316	1833997
487	317	1757023
487	318	1676084
487	319	1605920
487	320	1536623
487	321	1468199
487	322	1405755
487	323	1339014
487	324	1275016
487	325	1215952
487	326	1159551
487	327	1109401
487	328	1055995
487	329	1007065
487	330	957619
487	331	916759
487	332	869987
487	333	826685
487	334	787682
487	335	760581
487	336	729438
487	337	704790
487	338	684375
487	339	659527
487	340	635500
487	341	613198
487	342	590088
487	343	568244
487	344	547357
487	345	524294
487	346	511206
487	347	494932
487	348	479580
487	349	461156
487	350	447049
487	351	432235
487	352	423650
487	353	412675
487	354	396071
487	355	378580
487	356	366324
487	357	355838
487	358	340360
487	359	327260
487	360	318636
487	361	309033
487	362	301403
487	363	291765
487	364	285455
487	365	274791
487	366	264711
487	367	256112
487	368	249338
487	369	243685
487	370	234285
487	371	226478
487	372	218186
487	373	209574
487	374	204194
487	375	195686
487	376	186161
487	377	178443
487	378	170741
487	379	165449
487	380	158426
487	381	148603
487	382	143930
487	383	139491
487	384	133736
487	385	129000
487	386	124328
487	387	119684
487	388	115395
487	389	110602
487	390	104924
487	391	97940
487	392	91256
487	393	86490
487	394	79871
487	395	70835
487	396	64149
487	397	57836
487	398	51712
487	399	45759
487	400	41363
487	401	37061
487	402	34348
487	403	31271
487	404	28520
487	405	26218
487	406	24458
487	407	21127
487	408	18241
487	409	15741
487	410	13932
487	411	13025
487	412	11611
487	413	10390
487	414	8860
487	415	7265
487	416	6342
487	417	5531
487	418	4913
487	419	4116
487	420	3085
487	421	2718
487	422	2307
487	423	1897
487	424	1430
487	425	1167
487	426	853
487	427	679
487	428	734
487	429	851
487	430	659
487	431	599
487	432	381
487	433	423
487	434	467
487	435	373
487	436	302
487	437	223
487	438	146
487	439	131
487	440	68
487	441	35
487	442	50
487	443	49
487	444	79
487	445	108
487	446	74
487	447	111
487	448	77
487	449	106
487	450	110
487	451	251
487	452	142
487	453	77
487	454	17
487	455	38
487	456	66
487	457	128
487	458	44
487	459	0
487	460	0
487	461	0
487	462	0
487	463	0
487	464	0
487	465	0
487	466	0
487	467	0
487	468	0
487	469	0
487	470	0
487	471	0
487	472	0
487	473	0
487	474	0
487	475	0
487	476	0
487	477	0
487	478	0
487	479	0
487	480	0
487	481	0
487	482	0
487	483	0
487	484	0
487	485	0
487	486	0
487	487	0
