length	num_GC	number_of_fragments
382	0	8151
382	1	9519
382	2	12557
382	3	15515
382	4	14594
382	5	16264
382	6	18995
382	7	21020
382	8	21779
382	9	24194
382	10	23888
382	11	26107
382	12	29572
382	13	30059
382	14	29317
382	15	29734
382	16	30596
382	17	30941
382	18	31587
382	19	30883
382	20	32645
382	21	33038
382	22	31737
382	23	31695
382	24	32693
382	25	32383
382	26	32714
382	27	33482
382	28	32506
382	29	32490
382	30	33389
382	31	34582
382	32	35562
382	33	35798
382	34	35217
382	35	35733
382	36	35982
382	37	37631
382	38	39635
382	39	38732
382	40	39420
382	41	40203
382	42	41359
382	43	42123
382	44	43037
382	45	43041
382	46	43637
382	47	44918
382	48	46142
382	49	47989
382	50	50020
382	51	51992
382	52	53447
382	53	56152
382	54	57543
382	55	58430
382	56	59282
382	57	61831
382	58	65938
382	59	68075
382	60	71475
382	61	74593
382	62	77150
382	63	82862
382	64	87778
382	65	92416
382	66	98820
382	67	106129
382	68	113746
382	69	123083
382	70	133995
382	71	148094
382	72	164961
382	73	186186
382	74	211068
382	75	246187
382	76	282621
382	77	331233
382	78	394454
382	79	470455
382	80	554663
382	81	660277
382	82	784137
382	83	937030
382	84	1120097
382	85	1332224
382	86	1584663
382	87	1878006
382	88	2216413
382	89	2608017
382	90	3055772
382	91	3550994
382	92	4130444
382	93	4788244
382	94	5505767
382	95	6304999
382	96	7190985
382	97	8136477
382	98	9172513
382	99	10280005
382	100	11470752
382	101	12719516
382	102	14052258
382	103	15459303
382	104	16920850
382	105	18466031
382	106	20018646
382	107	21619242
382	108	23239672
382	109	24862835
382	110	26504554
382	111	28192037
382	112	29884646
382	113	31570319
382	114	33259779
382	115	34901208
382	116	36547499
382	117	38198767
382	118	39834555
382	119	41429698
382	120	42962642
382	121	44417275
382	122	45883829
382	123	47303572
382	124	48688973
382	125	50052363
382	126	51324267
382	127	52581842
382	128	53775247
382	129	54894870
382	130	55926792
382	131	56869868
382	132	57789240
382	133	58634689
382	134	59398529
382	135	60072633
382	136	60631074
382	137	61118899
382	138	61582710
382	139	61968135
382	140	62305186
382	141	62566266
382	142	62738302
382	143	62844694
382	144	62804993
382	145	62708292
382	146	62500000
382	147	62206176
382	148	61881967
382	149	61531360
382	150	61067907
382	151	60564084
382	152	60012518
382	153	59361864
382	154	58670921
382	155	57990734
382	156	57316958
382	157	56616379
382	158	55983415
382	159	55449856
382	160	54945992
382	161	54499286
382	162	54038723
382	163	53552372
382	164	53060486
382	165	52588612
382	166	52116730
382	167	51607228
382	168	51091490
382	169	50583315
382	170	50038493
382	171	49474773
382	172	48911224
382	173	48332523
382	174	47726384
382	175	47087021
382	176	46379082
382	177	45664376
382	178	44925311
382	179	44146312
382	180	43276168
382	181	42349816
382	182	41416450
382	183	40438584
382	184	39415783
382	185	38374663
382	186	37305354
382	187	36241166
382	188	35108967
382	189	33947928
382	190	32794226
382	191	31650388
382	192	30449021
382	193	29321120
382	194	28172451
382	195	27046690
382	196	25924618
382	197	24821370
382	198	23710642
382	199	22659662
382	200	21632057
382	201	20651031
382	202	19659441
382	203	18721845
382	204	17804074
382	205	16930672
382	206	16099637
382	207	15304727
382	208	14525064
382	209	13799976
382	210	13105996
382	211	12471517
382	212	11871141
382	213	11292410
382	214	10759926
382	215	10236969
382	216	9760119
382	217	9296222
382	218	8878667
382	219	8488323
382	220	8111297
382	221	7770174
382	222	7447898
382	223	7129755
382	224	6851721
382	225	6587825
382	226	6329865
382	227	6094810
382	228	5870675
382	229	5652202
382	230	5439667
382	231	5235244
382	232	5032536
382	233	4828772
382	234	4648011
382	235	4466839
382	236	4295713
382	237	4135194
382	238	3968519
382	239	3803745
382	240	3639238
382	241	3481353
382	242	3331229
382	243	3178896
382	244	3028699
382	245	2886101
382	246	2732541
382	247	2600097
382	248	2470667
382	249	2340457
382	250	2210993
382	251	2087663
382	252	1972206
382	253	1857901
382	254	1746980
382	255	1653116
382	256	1555535
382	257	1458251
382	258	1380799
382	259	1304617
382	260	1233396
382	261	1157324
382	262	1098067
382	263	1032459
382	264	978172
382	265	938677
382	266	892343
382	267	860444
382	268	823444
382	269	783864
382	270	751959
382	271	716718
382	272	687385
382	273	663209
382	274	631714
382	275	602053
382	276	582366
382	277	560368
382	278	539385
382	279	515897
382	280	497081
382	281	478219
382	282	459994
382	283	437194
382	284	420600
382	285	407546
382	286	392889
382	287	372364
382	288	360854
382	289	345008
382	290	332916
382	291	316160
382	292	305069
382	293	292354
382	294	279654
382	295	266741
382	296	251720
382	297	240221
382	298	231724
382	299	222045
382	300	212654
382	301	205708
382	302	193609
382	303	186432
382	304	179408
382	305	172016
382	306	161043
382	307	149042
382	308	138217
382	309	126075
382	310	114820
382	311	102945
382	312	90775
382	313	78994
382	314	68310
382	315	61610
382	316	54529
382	317	48542
382	318	42918
382	319	37005
382	320	33181
382	321	29054
382	322	25925
382	323	22417
382	324	19204
382	325	16986
382	326	14464
382	327	11633
382	328	9823
382	329	8470
382	330	7416
382	331	6422
382	332	5067
382	333	3915
382	334	3200
382	335	2533
382	336	2158
382	337	1723
382	338	1625
382	339	1418
382	340	1201
382	341	797
382	342	671
382	343	398
382	344	412
382	345	354
382	346	270
382	347	183
382	348	296
382	349	143
382	350	137
382	351	57
382	352	164
382	353	176
382	354	124
382	355	145
382	356	190
382	357	150
382	358	139
382	359	130
382	360	40
382	361	14
382	362	29
382	363	27
382	364	1
382	365	2
382	366	1
382	367	5
382	368	0
382	369	0
382	370	0
382	371	0
382	372	0
382	373	0
382	374	0
382	375	0
382	376	0
382	377	0
382	378	0
382	379	0
382	380	0
382	381	0
382	382	0
