length	num_GC	number_of_fragments
438	0	4353
438	1	5731
438	2	8396
438	3	10544
438	4	10166
438	5	10618
438	6	11579
438	7	13287
438	8	14093
438	9	16856
438	10	18766
438	11	18324
438	12	19096
438	13	22175
438	14	22882
438	15	22736
438	16	22410
438	17	23501
438	18	25095
438	19	25483
438	20	23022
438	21	25049
438	22	24900
438	23	24958
438	24	24820
438	25	25382
438	26	24660
438	27	25914
438	28	25784
438	29	26151
438	30	24814
438	31	25691
438	32	26488
438	33	26457
438	34	27749
438	35	27669
438	36	27993
438	37	27537
438	38	28429
438	39	28830
438	40	28742
438	41	28613
438	42	29336
438	43	30342
438	44	30768
438	45	32238
438	46	32092
438	47	32405
438	48	32204
438	49	33687
438	50	33062
438	51	33233
438	52	33604
438	53	34636
438	54	35726
438	55	36579
438	56	37609
438	57	38910
438	58	40066
438	59	40343
438	60	42765
438	61	43187
438	62	43880
438	63	45344
438	64	47242
438	65	47696
438	66	49933
438	67	53202
438	68	54876
438	69	56499
438	70	57905
438	71	60026
438	72	61796
438	73	65238
438	74	69095
438	75	71031
438	76	73970
438	77	76967
438	78	83524
438	79	88020
438	80	92880
438	81	97689
438	82	108011
438	83	117403
438	84	130859
438	85	143836
438	86	162306
438	87	182618
438	88	205439
438	89	233975
438	90	273182
438	91	315848
438	92	363724
438	93	426087
438	94	498747
438	95	589550
438	96	693018
438	97	809514
438	98	952685
438	99	1119388
438	100	1310545
438	101	1526080
438	102	1775152
438	103	2057726
438	104	2375120
438	105	2737158
438	106	3148306
438	107	3606919
438	108	4099777
438	109	4634982
438	110	5249713
438	111	5921348
438	112	6643340
438	113	7442765
438	114	8270874
438	115	9157104
438	116	10086114
438	117	11065265
438	118	12127095
438	119	13196408
438	120	14328816
438	121	15497455
438	122	16727280
438	123	17970101
438	124	19239505
438	125	20540177
438	126	21855784
438	127	23161104
438	128	24503611
438	129	25835030
438	130	27192920
438	131	28519408
438	132	29857336
438	133	31187387
438	134	32507500
438	135	33814679
438	136	35074598
438	137	36328621
438	138	37541300
438	139	38763892
438	140	39932435
438	141	41082727
438	142	42248260
438	143	43335598
438	144	44416846
438	145	45447083
438	146	46416448
438	147	47341288
438	148	48244166
438	149	49111759
438	150	49938007
438	151	50731752
438	152	51459009
438	153	52131452
438	154	52678519
438	155	53263616
438	156	53752024
438	157	54192687
438	158	54611205
438	159	54990394
438	160	55273895
438	161	55527855
438	162	55714288
438	163	55842905
438	164	55947323
438	165	55986236
438	166	55963249
438	167	55829249
438	168	55662658
438	169	55510218
438	170	55356052
438	171	55041802
438	172	54719457
438	173	54357311
438	174	53922465
438	175	53451133
438	176	52929204
438	177	52441427
438	178	51950402
438	179	51514776
438	180	51137724
438	181	50818596
438	182	50512248
438	183	50267481
438	184	49992366
438	185	49717170
438	186	49425768
438	187	49118764
438	188	48811386
438	189	48460835
438	190	48076136
438	191	47641298
438	192	47223651
438	193	46772475
438	194	46256487
438	195	45751993
438	196	45285964
438	197	44728871
438	198	44116341
438	199	43430757
438	200	42757725
438	201	42056960
438	202	41251071
438	203	40429305
438	204	39561427
438	205	38723898
438	206	37876783
438	207	36966682
438	208	36071884
438	209	35143995
438	210	34245139
438	211	33323627
438	212	32435618
438	213	31533921
438	214	30628357
438	215	29752710
438	216	28868149
438	217	27990909
438	218	27142220
438	219	26314537
438	220	25451745
438	221	24590987
438	222	23731153
438	223	22886728
438	224	22032076
438	225	21197665
438	226	20401381
438	227	19607563
438	228	18826732
438	229	18068145
438	230	17332711
438	231	16597816
438	232	15909019
438	233	15227204
438	234	14585997
438	235	13960549
438	236	13361897
438	237	12792360
438	238	12263472
438	239	11751774
438	240	11259090
438	241	10791884
438	242	10350650
438	243	9936284
438	244	9520147
438	245	9139517
438	246	8777426
438	247	8422009
438	248	8081552
438	249	7752609
438	250	7461752
438	251	7183276
438	252	6919340
438	253	6665706
438	254	6431418
438	255	6187417
438	256	5979195
438	257	5767434
438	258	5572051
438	259	5395418
438	260	5231125
438	261	5047079
438	262	4870683
438	263	4717841
438	264	4555807
438	265	4404966
438	266	4262358
438	267	4111443
438	268	3969454
438	269	3830062
438	270	3705481
438	271	3579005
438	272	3451128
438	273	3328607
438	274	3204187
438	275	3084805
438	276	2972003
438	277	2863814
438	278	2757092
438	279	2635779
438	280	2525773
438	281	2424661
438	282	2321706
438	283	2214799
438	284	2103555
438	285	2003543
438	286	1911037
438	287	1831211
438	288	1746229
438	289	1655321
438	290	1570205
438	291	1484247
438	292	1409506
438	293	1339955
438	294	1272374
438	295	1212407
438	296	1150686
438	297	1086947
438	298	1026351
438	299	973390
438	300	927010
438	301	880133
438	302	842807
438	303	812104
438	304	781369
438	305	755626
438	306	721947
438	307	696562
438	308	672200
438	309	642791
438	310	617709
438	311	595386
438	312	576629
438	313	549945
438	314	526034
438	315	511344
438	316	495551
438	317	481031
438	318	463296
438	319	443864
438	320	427738
438	321	412571
438	322	398049
438	323	385104
438	324	369102
438	325	359374
438	326	344127
438	327	332882
438	328	319600
438	329	312845
438	330	303454
438	331	292906
438	332	280752
438	333	268528
438	334	259481
438	335	251406
438	336	243226
438	337	232472
438	338	217452
438	339	209550
438	340	201344
438	341	193414
438	342	186050
438	343	176176
438	344	169797
438	345	162483
438	346	157161
438	347	152007
438	348	146492
438	349	139308
438	350	131920
438	351	124594
438	352	116749
438	353	109971
438	354	100812
438	355	94783
438	356	84766
438	357	74074
438	358	65565
438	359	56925
438	360	50736
438	361	43506
438	362	39921
438	363	37985
438	364	34250
438	365	30992
438	366	28547
438	367	24061
438	368	20903
438	369	19118
438	370	16328
438	371	14962
438	372	12455
438	373	10307
438	374	8909
438	375	8257
438	376	7120
438	377	5975
438	378	5090
438	379	4067
438	380	3210
438	381	2542
438	382	2005
438	383	1614
438	384	1429
438	385	1283
438	386	1084
438	387	933
438	388	595
438	389	742
438	390	509
438	391	451
438	392	543
438	393	418
438	394	397
438	395	235
438	396	114
438	397	39
438	398	23
438	399	20
438	400	21
438	401	67
438	402	151
438	403	63
438	404	56
438	405	284
438	406	225
438	407	197
438	408	88
438	409	123
438	410	97
438	411	75
438	412	55
438	413	4
438	414	5
438	415	3
438	416	7
438	417	5
438	418	9
438	419	0
438	420	0
438	421	0
438	422	0
438	423	0
438	424	0
438	425	0
438	426	0
438	427	0
438	428	0
438	429	0
438	430	0
438	431	0
438	432	0
438	433	0
438	434	0
438	435	0
438	436	0
438	437	0
438	438	0
