length	num_GC	number_of_fragments
419	0	5379
419	1	6709
419	2	9760
419	3	12008
419	4	11663
419	5	11750
419	6	13302
419	7	15774
419	8	16484
419	9	19782
419	10	20437
419	11	20474
419	12	21833
419	13	25149
419	14	25368
419	15	23763
419	16	24424
419	17	26788
419	18	28111
419	19	25544
419	20	26031
419	21	27281
419	22	27545
419	23	26577
419	24	26577
419	25	27746
419	26	27744
419	27	27876
419	28	29101
419	29	27684
419	30	27604
419	31	28347
419	32	28276
419	33	29074
419	34	30383
419	35	29950
419	36	30880
419	37	30423
419	38	30533
419	39	30673
419	40	31631
419	41	31787
419	42	34637
419	43	33873
419	44	34414
419	45	34590
419	46	34861
419	47	35348
419	48	36163
419	49	36928
419	50	36415
419	51	37626
419	52	39231
419	53	38803
419	54	40728
419	55	42859
419	56	43791
419	57	45847
419	58	46011
419	59	48224
419	60	49305
419	61	50291
419	62	51229
419	63	53652
419	64	57172
419	65	59641
419	66	63274
419	67	63072
419	68	64509
419	69	69026
419	70	71409
419	71	74566
419	72	78362
419	73	81275
419	74	87557
419	75	92886
419	76	99532
419	77	107277
419	78	117108
419	79	128215
419	80	141322
419	81	158064
419	82	178499
419	83	201975
419	84	231066
419	85	263921
419	86	308904
419	87	362095
419	88	425735
419	89	497592
419	90	589542
419	91	695421
419	92	816859
419	93	963652
419	94	1142752
419	95	1344110
419	96	1572318
419	97	1836486
419	98	2140018
419	99	2497143
419	100	2883049
419	101	3322542
419	102	3810637
419	103	4360244
419	104	4983357
419	105	5649579
419	106	6379236
419	107	7183833
419	108	8049777
419	109	8987055
419	110	9943518
419	111	10975792
419	112	12084025
419	113	13247724
419	114	14437950
419	115	15671602
419	116	16967173
419	117	18322353
419	118	19695524
419	119	21074720
419	120	22459389
419	121	23879786
419	122	25340341
419	123	26779073
419	124	28223819
419	125	29646810
419	126	31091234
419	127	32523433
419	128	33950450
419	129	35344108
419	130	36704666
419	131	38041483
419	132	39338397
419	133	40654124
419	134	41940790
419	135	43221938
419	136	44390862
419	137	45563606
419	138	46690231
419	139	47737256
419	140	48806675
419	141	49752934
419	142	50695169
419	143	51630290
419	144	52484544
419	145	53316860
419	146	54068113
419	147	54673570
419	148	55222942
419	149	55772414
419	150	56258309
419	151	56693167
419	152	57071239
419	153	57429739
419	154	57665553
419	155	57889872
419	156	58020942
419	157	58124009
419	158	58106814
419	159	58046526
419	160	57893532
419	161	57689023
419	162	57442885
419	163	57148487
419	164	56833687
419	165	56473897
419	166	56041285
419	167	55573719
419	168	55013848
419	169	54400913
419	170	53850809
419	171	53314414
419	172	52847369
419	173	52431852
419	174	52016347
419	175	51758268
419	176	51428359
419	177	51117760
419	178	50769679
419	179	50372049
419	180	49981381
419	181	49621835
419	182	49257376
419	183	48821122
419	184	48417901
419	185	47945593
419	186	47446773
419	187	46980640
419	188	46469173
419	189	45939357
419	190	45357886
419	191	44670384
419	192	43960603
419	193	43196921
419	194	42399460
419	195	41613200
419	196	40782533
419	197	39881688
419	198	38917200
419	199	37976645
419	200	37034714
419	201	36057241
419	202	35110244
419	203	34142576
419	204	33142489
419	205	32177555
419	206	31199004
419	207	30223440
419	208	29291349
419	209	28357612
419	210	27407643
419	211	26471151
419	212	25491365
419	213	24558757
419	214	23625603
419	215	22706751
419	216	21799718
419	217	20913787
419	218	20074508
419	219	19224376
419	220	18427001
419	221	17630364
419	222	16862516
419	223	16126450
419	224	15417523
419	225	14725033
419	226	14058988
419	227	13428595
419	228	12839716
419	229	12296205
419	230	11743735
419	231	11239030
419	232	10737006
419	233	10271696
419	234	9847440
419	235	9418133
419	236	9033152
419	237	8640604
419	238	8269380
419	239	7936072
419	240	7620115
419	241	7328483
419	242	7054963
419	243	6777213
419	244	6526869
419	245	6281229
419	246	6055836
419	247	5841737
419	248	5635187
419	249	5448167
419	250	5261011
419	251	5075762
419	252	4907213
419	253	4745008
419	254	4575652
419	255	4409283
419	256	4260788
419	257	4101005
419	258	3950578
419	259	3812229
419	260	3674907
419	261	3541393
419	262	3405084
419	263	3267241
419	264	3145716
419	265	3019923
419	266	2900479
419	267	2769926
419	268	2659944
419	269	2542037
419	270	2425123
419	271	2306010
419	272	2191307
419	273	2083882
419	274	1986947
419	275	1892682
419	276	1794677
419	277	1702747
419	278	1606378
419	279	1516669
419	280	1434669
419	281	1363600
419	282	1298292
419	283	1225757
419	284	1160367
419	285	1094048
419	286	1032649
419	287	981523
419	288	935220
419	289	894925
419	290	855231
419	291	819956
419	292	789331
419	293	756723
419	294	727852
419	295	697617
419	296	672649
419	297	646864
419	298	622622
419	299	592388
419	300	566293
419	301	544417
419	302	532531
419	303	514683
419	304	491468
419	305	474714
419	306	456461
419	307	441510
419	308	429583
419	309	409248
419	310	391132
419	311	377682
419	312	364607
419	313	355045
419	314	341983
419	315	327273
419	316	315625
419	317	304180
419	318	293190
419	319	283208
419	320	274616
419	321	263896
419	322	247508
419	323	236789
419	324	226901
419	325	217651
419	326	209829
419	327	201098
419	328	191267
419	329	181957
419	330	175925
419	331	170363
419	332	164642
419	333	156403
419	334	146980
419	335	141044
419	336	134142
419	337	125316
419	338	115236
419	339	107853
419	340	96395
419	341	86764
419	342	78666
419	343	68561
419	344	59082
419	345	51475
419	346	46160
419	347	42122
419	348	37813
419	349	34814
419	350	30336
419	351	26468
419	352	24441
419	353	21197
419	354	18610
419	355	16613
419	356	13426
419	357	11269
419	358	10246
419	359	8978
419	360	7667
419	361	6623
419	362	5576
419	363	4284
419	364	3427
419	365	2808
419	366	2503
419	367	1928
419	368	1638
419	369	1209
419	370	1136
419	371	819
419	372	670
419	373	786
419	374	619
419	375	574
419	376	379
419	377	326
419	378	395
419	379	215
419	380	37
419	381	45
419	382	28
419	383	84
419	384	94
419	385	45
419	386	184
419	387	109
419	388	177
419	389	163
419	390	151
419	391	186
419	392	195
419	393	138
419	394	3
419	395	4
419	396	4
419	397	2
419	398	3
419	399	11
419	400	1
419	401	2
419	402	1
419	403	5
419	404	0
419	405	0
419	406	0
419	407	0
419	408	0
419	409	0
419	410	0
419	411	0
419	412	0
419	413	0
419	414	0
419	415	0
419	416	0
419	417	0
419	418	0
419	419	0
