length	num_GC	number_of_fragments
384	0	7971
384	1	9320
384	2	12411
384	3	15281
384	4	14380
384	5	16016
384	6	18597
384	7	20764
384	8	21527
384	9	24049
384	10	23545
384	11	25616
384	12	29266
384	13	29754
384	14	29029
384	15	29226
384	16	30318
384	17	30777
384	18	31368
384	19	30464
384	20	32232
384	21	32901
384	22	31534
384	23	31259
384	24	32313
384	25	32167
384	26	32473
384	27	33245
384	28	32337
384	29	31944
384	30	32839
384	31	34172
384	32	35327
384	33	35622
384	34	34494
384	35	35469
384	36	35666
384	37	36900
384	38	38997
384	39	38788
384	40	38937
384	41	39526
384	42	40904
384	43	41407
384	44	42094
384	45	43063
384	46	42696
384	47	44414
384	48	45226
384	49	47285
384	50	49359
384	51	50894
384	52	52039
384	53	54942
384	54	56805
384	55	57567
384	56	58656
384	57	60109
384	58	64669
384	59	66780
384	60	69836
384	61	72521
384	62	75394
384	63	80184
384	64	85358
384	65	89794
384	66	94838
384	67	101905
384	68	109958
384	69	118011
384	70	127724
384	71	140510
384	72	156005
384	73	175341
384	74	197674
384	75	228343
384	76	261740
384	77	304992
384	78	360099
384	79	430787
384	80	508656
384	81	604520
384	82	714360
384	83	855015
384	84	1017932
384	85	1214820
384	86	1442924
384	87	1715063
384	88	2026382
384	89	2384610
384	90	2798973
384	91	3265628
384	92	3791471
384	93	4405599
384	94	5079395
384	95	5831516
384	96	6661078
384	97	7564178
384	98	8544611
384	99	9602273
384	100	10735227
384	101	11933034
384	102	13213968
384	103	14571605
384	104	15980125
384	105	17466500
384	106	18999958
384	107	20564810
384	108	22152903
384	109	23763803
384	110	25385183
384	111	27020477
384	112	28712958
384	113	30371744
384	114	32059608
384	115	33710023
384	116	35326159
384	117	36976537
384	118	38593223
384	119	40239122
384	120	41771404
384	121	43263412
384	122	44719871
384	123	46140139
384	124	47544971
384	125	48917527
384	126	50230433
384	127	51503241
384	128	52727905
384	129	53881512
384	130	54967194
384	131	55966447
384	132	56875858
384	133	57791263
384	134	58600827
384	135	59339645
384	136	59957699
384	137	60497302
384	138	60974589
384	139	61401544
384	140	61811570
384	141	62096312
384	142	62345700
384	143	62501010
384	144	62550614
384	145	62510355
384	146	62406843
384	147	62156078
384	148	61874048
384	149	61551753
384	150	61151939
384	151	60698241
384	152	60207724
384	153	59644272
384	154	58956700
384	155	58296913
384	156	57621500
384	157	56956552
384	158	56261582
384	159	55666650
384	160	55145230
384	161	54663850
384	162	54216344
384	163	53773764
384	164	53297606
384	165	52800479
384	166	52327925
384	167	51874077
384	168	51363575
384	169	50876599
384	170	50351878
384	171	49814567
384	172	49257419
384	173	48695506
384	174	48142749
384	175	47523327
384	176	46869201
384	177	46153386
384	178	45451930
384	179	44700428
384	180	43917583
384	181	43008524
384	182	42108140
384	183	41161430
384	184	40175805
384	185	39134926
384	186	38108364
384	187	37037871
384	188	35975546
384	189	34855117
384	190	33688497
384	191	32550447
384	192	31405851
384	193	30252050
384	194	29108120
384	195	27969185
384	196	26866568
384	197	25751718
384	198	24655011
384	199	23571860
384	200	22516461
384	201	21517645
384	202	20530563
384	203	19568447
384	204	18628766
384	205	17725983
384	206	16862852
384	207	16043927
384	208	15255791
384	209	14481315
384	210	13759174
384	211	13085731
384	212	12441525
384	213	11851640
384	214	11284669
384	215	10735156
384	216	10237930
384	217	9753180
384	218	9296732
384	219	8876242
384	220	8486569
384	221	8112434
384	222	7771360
384	223	7452728
384	224	7134932
384	225	6860956
384	226	6585814
384	227	6336481
384	228	6099242
384	229	5872493
384	230	5661904
384	231	5451666
384	232	5240963
384	233	5043005
384	234	4843601
384	235	4656977
384	236	4477201
384	237	4308125
384	238	4145849
384	239	3984610
384	240	3819992
384	241	3657982
384	242	3496567
384	243	3348767
384	244	3199163
384	245	3050297
384	246	2904759
384	247	2757984
384	248	2623040
384	249	2490929
384	250	2363401
384	251	2236248
384	252	2112786
384	253	1995663
384	254	1882005
384	255	1768178
384	256	1671671
384	257	1580226
384	258	1478601
384	259	1397547
384	260	1322325
384	261	1250386
384	262	1176608
384	263	1112037
384	264	1048313
384	265	990477
384	266	944356
384	267	907314
384	268	866442
384	269	831414
384	270	794380
384	271	760150
384	272	727434
384	273	694501
384	274	668364
384	275	640863
384	276	610301
384	277	586067
384	278	566955
384	279	545031
384	280	522483
384	281	502491
384	282	483703
384	283	465809
384	284	445723
384	285	424308
384	286	411632
384	287	397166
384	288	380050
384	289	362293
384	290	352041
384	291	336068
384	292	323185
384	293	308114
384	294	298864
384	295	282735
384	296	272153
384	297	258233
384	298	244036
384	299	234433
384	300	226167
384	301	215857
384	302	207148
384	303	200090
384	304	188683
384	305	181912
384	306	174489
384	307	166911
384	308	155085
384	309	143041
384	310	132640
384	311	120961
384	312	109531
384	313	96900
384	314	85564
384	315	73905
384	316	64924
384	317	58628
384	318	51759
384	319	46361
384	320	40202
384	321	35064
384	322	31469
384	323	27690
384	324	24579
384	325	21009
384	326	18198
384	327	16236
384	328	13394
384	329	10808
384	330	9298
384	331	8030
384	332	6963
384	333	6097
384	334	4607
384	335	3636
384	336	2945
384	337	2392
384	338	2020
384	339	1641
384	340	1558
384	341	1312
384	342	1116
384	343	735
384	344	561
384	345	385
384	346	410
384	347	346
384	348	230
384	349	207
384	350	262
384	351	123
384	352	131
384	353	59
384	354	164
384	355	165
384	356	132
384	357	140
384	358	198
384	359	144
384	360	149
384	361	118
384	362	28
384	363	14
384	364	31
384	365	19
384	366	1
384	367	2
384	368	1
384	369	5
384	370	0
384	371	0
384	372	0
384	373	0
384	374	0
384	375	0
384	376	0
384	377	0
384	378	0
384	379	0
384	380	0
384	381	0
384	382	0
384	383	0
384	384	0
