length	num_GC	number_of_fragments
494	0	2401
494	1	3537
494	2	5418
494	3	6847
494	4	6367
494	5	7292
494	6	8953
494	7	9101
494	8	9281
494	9	10767
494	10	13373
494	11	13362
494	12	12792
494	13	15576
494	14	16144
494	15	16452
494	16	16920
494	17	17486
494	18	20024
494	19	20368
494	20	19512
494	21	19437
494	22	19458
494	23	20047
494	24	20058
494	25	20055
494	26	20610
494	27	20588
494	28	19560
494	29	19935
494	30	20152
494	31	20357
494	32	19960
494	33	19758
494	34	21048
494	35	20974
494	36	21556
494	37	22233
494	38	21329
494	39	20626
494	40	21554
494	41	21672
494	42	22898
494	43	24348
494	44	24573
494	45	24346
494	46	23135
494	47	23775
494	48	24553
494	49	24683
494	50	24929
494	51	26717
494	52	26854
494	53	26680
494	54	26095
494	55	26711
494	56	27576
494	57	28100
494	58	28064
494	59	27839
494	60	28828
494	61	29028
494	62	29982
494	63	30889
494	64	32217
494	65	31807
494	66	33033
494	67	33486
494	68	35155
494	69	35819
494	70	36443
494	71	36511
494	72	36983
494	73	38101
494	74	39291
494	75	39931
494	76	41723
494	77	42631
494	78	43771
494	79	46027
494	80	48116
494	81	49088
494	82	50996
494	83	52451
494	84	55358
494	85	59252
494	86	60151
494	87	62316
494	88	65012
494	89	66581
494	90	70038
494	91	74979
494	92	79116
494	93	84507
494	94	89176
494	95	98336
494	96	105232
494	97	113967
494	98	123401
494	99	135194
494	100	154752
494	101	173878
494	102	193868
494	103	221060
494	104	253358
494	105	291003
494	106	335265
494	107	389812
494	108	445669
494	109	520049
494	110	607312
494	111	697466
494	112	804832
494	113	928289
494	114	1075768
494	115	1246729
494	116	1432742
494	117	1644377
494	118	1887830
494	119	2150509
494	120	2446877
494	121	2773153
494	122	3122020
494	123	3505745
494	124	3956079
494	125	4423018
494	126	4940161
494	127	5490776
494	128	6090590
494	129	6725749
494	130	7385827
494	131	8114889
494	132	8881924
494	133	9686361
494	134	10519286
494	135	11385352
494	136	12299604
494	137	13223920
494	138	14192076
494	139	15180551
494	140	16189018
494	141	17244845
494	142	18291286
494	143	19372769
494	144	20448567
494	145	21555982
494	146	22663825
494	147	23757756
494	148	24831591
494	149	25931909
494	150	27039448
494	151	28112229
494	152	29177645
494	153	30214842
494	154	31262520
494	155	32273339
494	156	33289680
494	157	34312004
494	158	35274150
494	159	36247460
494	160	37237546
494	161	38165477
494	162	39029312
494	163	39850361
494	164	40634545
494	165	41471544
494	166	42260493
494	167	42989234
494	168	43718541
494	169	44436344
494	170	45071386
494	171	45723692
494	172	46309482
494	173	46872742
494	174	47357148
494	175	47863640
494	176	48324095
494	177	48728324
494	178	49097316
494	179	49443340
494	180	49719272
494	181	49954746
494	182	50185221
494	183	50378014
494	184	50494069
494	185	50536415
494	186	50609371
494	187	50681318
494	188	50737709
494	189	50764517
494	190	50674763
494	191	50623041
494	192	50540902
494	193	50384408
494	194	50166240
494	195	49918557
494	196	49618211
494	197	49273228
494	198	48866269
494	199	48458476
494	200	48114395
494	201	47783389
494	202	47485738
494	203	47266780
494	204	47077719
494	205	46904811
494	206	46715022
494	207	46498101
494	208	46284485
494	209	46058141
494	210	45782152
494	211	45500410
494	212	45152728
494	213	44781968
494	214	44396906
494	215	43953647
494	216	43502011
494	217	42981687
494	218	42460586
494	219	41943313
494	220	41380827
494	221	40773265
494	222	40198999
494	223	39591954
494	224	38947050
494	225	38269242
494	226	37563030
494	227	36839057
494	228	36145639
494	229	35429908
494	230	34689085
494	231	33948490
494	232	33216982
494	233	32470940
494	234	31746080
494	235	31002054
494	236	30261918
494	237	29527024
494	238	28826908
494	239	28107253
494	240	27371493
494	241	26670561
494	242	26001358
494	243	25326251
494	244	24642531
494	245	23957687
494	246	23266859
494	247	22574748
494	248	21898817
494	249	21212733
494	250	20544046
494	251	19888100
494	252	19224132
494	253	18570826
494	254	17954460
494	255	17345315
494	256	16707731
494	257	16098068
494	258	15517838
494	259	14924107
494	260	14362837
494	261	13826713
494	262	13307515
494	263	12801503
494	264	12319950
494	265	11866892
494	266	11444431
494	267	11026974
494	268	10643648
494	269	10250585
494	270	9874123
494	271	9528633
494	272	9188220
494	273	8869062
494	274	8544610
494	275	8245337
494	276	7962101
494	277	7696031
494	278	7419389
494	279	7162898
494	280	6902994
494	281	6666051
494	282	6438076
494	283	6233881
494	284	6030051
494	285	5824854
494	286	5644501
494	287	5473323
494	288	5302129
494	289	5137190
494	290	4972638
494	291	4832789
494	292	4689909
494	293	4554436
494	294	4424250
494	295	4283475
494	296	4150668
494	297	4035027
494	298	3913073
494	299	3778461
494	300	3656597
494	301	3546994
494	302	3444070
494	303	3336455
494	304	3234487
494	305	3138888
494	306	3051514
494	307	2954458
494	308	2854550
494	309	2758634
494	310	2674418
494	311	2583153
494	312	2493466
494	313	2405274
494	314	2323344
494	315	2245577
494	316	2166441
494	317	2083710
494	318	2004208
494	319	1918742
494	320	1842065
494	321	1768826
494	322	1688177
494	323	1620842
494	324	1548446
494	325	1485689
494	326	1420648
494	327	1352430
494	328	1294082
494	329	1233423
494	330	1176946
494	331	1123851
494	332	1073703
494	333	1023883
494	334	975162
494	335	930205
494	336	887641
494	337	842238
494	338	803413
494	339	770601
494	340	741072
494	341	714639
494	342	689286
494	343	665408
494	344	643828
494	345	621316
494	346	599073
494	347	579263
494	348	554825
494	349	531883
494	350	515507
494	351	497938
494	352	486145
494	353	468954
494	354	453488
494	355	439092
494	356	427818
494	357	415364
494	358	404937
494	359	389335
494	360	372736
494	361	360990
494	362	348102
494	363	335857
494	364	322654
494	365	312485
494	366	306135
494	367	295174
494	368	287680
494	369	281229
494	370	270827
494	371	261967
494	372	254213
494	373	245401
494	374	240144
494	375	231938
494	376	223608
494	377	215006
494	378	208662
494	379	201679
494	380	195080
494	381	187947
494	382	177195
494	383	169943
494	384	163674
494	385	158143
494	386	149888
494	387	142418
494	388	137603
494	389	133025
494	390	128945
494	391	123072
494	392	119620
494	393	114490
494	394	110462
494	395	104309
494	396	99354
494	397	93264
494	398	86734
494	399	80511
494	400	74956
494	401	67365
494	402	60407
494	403	54158
494	404	49119
494	405	43211
494	406	38189
494	407	35972
494	408	32504
494	409	29719
494	410	27047
494	411	24776
494	412	22322
494	413	20429
494	414	17696
494	415	14495
494	416	13276
494	417	11819
494	418	11067
494	419	9739
494	420	8289
494	421	7120
494	422	6443
494	423	5122
494	424	4734
494	425	3941
494	426	2939
494	427	2441
494	428	2179
494	429	1762
494	430	1315
494	431	1068
494	432	886
494	433	719
494	434	563
494	435	853
494	436	746
494	437	490
494	438	432
494	439	381
494	440	486
494	441	350
494	442	270
494	443	240
494	444	161
494	445	133
494	446	95
494	447	38
494	448	46
494	449	54
494	450	86
494	451	106
494	452	69
494	453	56
494	454	103
494	455	78
494	456	111
494	457	153
494	458	223
494	459	84
494	460	45
494	461	24
494	462	70
494	463	72
494	464	104
494	465	16
494	466	0
494	467	0
494	468	0
494	469	0
494	470	0
494	471	0
494	472	0
494	473	0
494	474	0
494	475	0
494	476	0
494	477	0
494	478	0
494	479	0
494	480	0
494	481	0
494	482	0
494	483	0
494	484	0
494	485	0
494	486	0
494	487	0
494	488	0
494	489	0
494	490	0
494	491	0
494	492	0
494	493	0
494	494	0
