length	num_GC	number_of_fragments
386	0	7794
386	1	9139
386	2	12228
386	3	15088
386	4	14174
386	5	15762
386	6	18188
386	7	20529
386	8	21231
386	9	23882
386	10	23327
386	11	25117
386	12	28863
386	13	29485
386	14	28799
386	15	28780
386	16	30024
386	17	30474
386	18	31163
386	19	30092
386	20	31904
386	21	32567
386	22	31437
386	23	30957
386	24	31852
386	25	32095
386	26	31916
386	27	33076
386	28	32366
386	29	31395
386	30	32229
386	31	33681
386	32	35213
386	33	35303
386	34	34138
386	35	35107
386	36	35128
386	37	36248
386	38	38363
386	39	38680
386	40	38681
386	41	38980
386	42	40163
386	43	41103
386	44	41193
386	45	42547
386	46	42305
386	47	43473
386	48	44533
386	49	46671
386	50	48380
386	51	50323
386	52	50921
386	53	53345
386	54	55912
386	55	56492
386	56	58253
386	57	58968
386	58	62948
386	59	65642
386	60	68219
386	61	70953
386	62	73389
386	63	77734
386	64	82994
386	65	87300
386	66	91995
386	67	97599
386	68	105552
386	69	113672
386	70	122380
386	71	133171
386	72	147882
386	73	165797
386	74	185706
386	75	212205
386	76	243294
386	77	281674
386	78	329876
386	79	393606
386	80	466481
386	81	553778
386	82	653259
386	83	780013
386	84	924502
386	85	1109060
386	86	1315053
386	87	1563981
386	88	1849390
386	89	2183638
386	90	2563015
386	91	2996066
386	92	3485965
386	93	4047929
386	94	4684173
386	95	5383155
386	96	6168148
386	97	7019867
386	98	7952862
386	99	8956121
386	100	10043673
386	101	11180699
386	102	12413678
386	103	13715687
386	104	15078688
386	105	16509176
386	106	18004714
386	107	19534961
386	108	21098321
386	109	22682721
386	110	24278993
386	111	25901016
386	112	27536961
386	113	29210669
386	114	30865730
386	115	32520308
386	116	34140397
386	117	35769217
386	118	37371307
386	119	39014363
386	120	40585737
386	121	42111342
386	122	43567048
386	123	44998190
386	124	46388562
386	125	47789631
386	126	49112136
386	127	50419697
386	128	51672364
386	129	52844136
386	130	53992479
386	131	55027732
386	132	55971241
386	133	56905370
386	134	57778522
386	135	58569249
386	136	59251990
386	137	59827090
386	138	60391220
386	139	60801087
386	140	61256260
386	141	61603857
386	142	61906754
386	143	62129712
386	144	62240234
386	145	62260351
386	146	62228697
386	147	62086946
386	148	61828514
386	149	61543401
386	150	61190042
386	151	60810056
386	152	60336473
386	153	59842954
386	154	59257594
386	155	58595497
386	156	57906369
386	157	57262252
386	158	56590003
386	159	55939101
386	160	55343472
386	161	54846803
386	162	54388794
386	163	53941426
386	164	53514481
386	165	53034833
386	166	52547547
386	167	52086803
386	168	51628330
386	169	51139412
386	170	50642486
386	171	50129766
386	172	49597626
386	173	49048057
386	174	48488024
386	175	47942279
386	176	47313724
386	177	46655925
386	178	45944962
386	179	45223970
386	180	44474557
386	181	43658991
386	182	42774803
386	183	41838674
386	184	40910900
386	185	39916075
386	186	38860417
386	187	37824216
386	188	36786952
386	189	35712627
386	190	34594269
386	191	33435362
386	192	32300431
386	193	31182111
386	194	30045719
386	195	28895408
386	196	27781832
386	197	26688734
386	198	25574539
386	199	24497368
386	200	23430996
386	201	22388077
386	202	21390960
386	203	20419018
386	204	19472804
386	205	18540295
386	206	17649919
386	207	16796790
386	208	15984870
386	209	15203980
386	210	14439614
386	211	13725139
386	212	13056374
386	213	12418431
386	214	11833304
386	215	11265520
386	216	10723530
386	217	10226448
386	218	9751905
386	219	9297385
386	220	8872579
386	221	8485686
386	222	8113236
386	223	7771942
386	224	7454277
386	225	7143401
386	226	6867934
386	227	6588691
386	228	6335059
386	229	6111238
386	230	5872444
386	231	5667514
386	232	5465312
386	233	5248415
386	234	5048720
386	235	4858459
386	236	4667146
386	237	4491588
386	238	4317612
386	239	4155545
386	240	3999546
386	241	3838588
386	242	3672143
386	243	3513983
386	244	3366092
386	245	3217172
386	246	3071816
386	247	2924006
386	248	2782421
386	249	2644904
386	250	2513182
386	251	2384901
386	252	2258106
386	253	2138856
386	254	2019526
386	255	1906212
386	256	1792283
386	257	1687937
386	258	1603041
386	259	1501997
386	260	1414648
386	261	1338863
386	262	1267095
386	263	1194978
386	264	1127747
386	265	1064033
386	266	1002588
386	267	955172
386	268	916331
386	269	876361
386	270	838112
386	271	804110
386	272	769626
386	273	734636
386	274	705798
386	275	674051
386	276	646228
386	277	620514
386	278	591801
386	279	571611
386	280	550862
386	281	528692
386	282	509115
386	283	488029
386	284	471441
386	285	453794
386	286	430079
386	287	414240
386	288	402416
386	289	385947
386	290	367388
386	291	354383
386	292	342440
386	293	326842
386	294	315022
386	295	301961
386	296	289317
386	297	274837
386	298	263961
386	299	250258
386	300	237384
386	301	229057
386	302	219746
386	303	209800
386	304	202935
386	305	194206
386	306	183626
386	307	177844
386	308	169469
386	309	161558
386	310	148986
386	311	137408
386	312	127397
386	313	115594
386	314	103831
386	315	91677
386	316	80251
386	317	69522
386	318	61775
386	319	55794
386	320	49197
386	321	43822
386	322	37886
386	323	33231
386	324	30089
386	325	26145
386	326	23338
386	327	19829
386	328	17229
386	329	15285
386	330	12434
386	331	10162
386	332	8816
386	333	7578
386	334	6623
386	335	5612
386	336	4259
386	337	3345
386	338	2738
386	339	2282
386	340	1859
386	341	1576
386	342	1494
386	343	1210
386	344	1035
386	345	638
386	346	481
386	347	411
386	348	393
386	349	328
386	350	205
386	351	225
386	352	220
386	353	115
386	354	119
386	355	69
386	356	152
386	357	161
386	358	146
386	359	130
386	360	202
386	361	150
386	362	146
386	363	112
386	364	11
386	365	20
386	366	29
386	367	13
386	368	1
386	369	2
386	370	1
386	371	5
386	372	0
386	373	0
386	374	0
386	375	0
386	376	0
386	377	0
386	378	0
386	379	0
386	380	0
386	381	0
386	382	0
386	383	0
386	384	0
386	385	0
386	386	0
