length	num_GC	number_of_fragments
379	0	8438
379	1	9796
379	2	12807
379	3	15925
379	4	14811
379	5	16714
379	6	19588
379	7	21332
379	8	22213
379	9	24469
379	10	24382
379	11	26879
379	12	30042
379	13	30462
379	14	29922
379	15	30537
379	16	30645
379	17	31381
379	18	31885
379	19	31538
379	20	33183
379	21	33370
379	22	32329
379	23	32172
379	24	33047
379	25	32789
379	26	32942
379	27	34007
379	28	32989
379	29	33156
379	30	34188
379	31	35042
379	32	36189
379	33	36382
379	34	35975
379	35	35964
379	36	36569
379	37	39031
379	38	40048
379	39	38826
379	40	40428
379	41	41090
379	42	42662
379	43	43045
379	44	43641
379	45	43622
379	46	44803
379	47	45660
379	48	47632
379	49	49171
379	50	51880
379	51	53363
379	52	55133
379	53	57902
379	54	58692
379	55	59516
379	56	60951
379	57	64408
379	58	67491
379	59	70818
379	60	73949
379	61	77196
379	62	80933
379	63	86536
379	64	92169
379	65	97816
379	66	104083
379	67	112441
379	68	120428
379	69	131697
379	70	144720
379	71	160896
379	72	179580
379	73	205124
379	74	235691
379	75	275472
379	76	318895
379	77	377903
379	78	451651
379	79	534737
379	80	635162
379	81	756771
379	82	901130
379	83	1080810
379	84	1288283
379	85	1532825
379	86	1818890
379	87	2151789
379	88	2538709
379	89	2978571
379	90	3471425
379	91	4040394
379	92	4690939
379	93	5413472
379	94	6196564
379	95	7081987
379	96	8034610
379	97	9067908
379	98	10177121
379	99	11371956
379	100	12639842
379	101	13966670
379	102	15378743
379	103	16862834
379	104	18424883
379	105	19997319
379	106	21610082
379	107	23248845
379	108	24896576
379	109	26563208
379	110	28254572
379	111	29965839
379	112	31694382
379	113	33402649
379	114	35078077
379	115	36724785
379	116	38414174
379	117	40052498
379	118	41662032
379	119	43237397
379	120	44716584
379	121	46198001
379	122	47641566
379	123	49056191
379	124	50402499
379	125	51702679
379	126	52977199
379	127	54180100
379	128	55316750
379	129	56332333
379	130	57347670
379	131	58242608
379	132	59077762
379	133	59848137
379	134	60543442
379	135	61082362
379	136	61583921
379	137	62045848
379	138	62417036
379	139	62761557
379	140	63014350
379	141	63165601
379	142	63267288
379	143	63221589
379	144	63085365
379	145	62878234
379	146	62569301
379	147	62227239
379	148	61865122
379	149	61381350
379	150	60866810
379	151	60276512
379	152	59593279
379	153	58926103
379	154	58226325
379	155	57481166
379	156	56828182
379	157	56189133
379	158	55633092
379	159	55161904
379	160	54700248
379	161	54197119
379	162	53695422
379	163	53225753
379	164	52732627
379	165	52244921
379	166	51708974
379	167	51181893
379	168	50647616
379	169	50100776
379	170	49522520
379	171	48939854
379	172	48328202
379	173	47721060
379	174	47070519
379	175	46347101
379	176	45625579
379	177	44886615
379	178	44069983
379	179	43209274
379	180	42259888
379	181	41292596
379	182	40348890
379	183	39306164
379	184	38239701
379	185	37185910
379	186	36068700
379	187	34917794
379	188	33760696
379	189	32596494
379	190	31386200
379	191	30193442
379	192	29066961
379	193	27910106
379	194	26758542
379	195	25618383
379	196	24490295
379	197	23406088
379	198	22344005
379	199	21318790
379	200	20302280
379	201	19335590
379	202	18386486
379	203	17471920
379	204	16609098
379	205	15771149
379	206	14983303
379	207	14219594
379	208	13490884
379	209	12822542
379	210	12201231
379	211	11598313
379	212	11050609
379	213	10508356
379	214	10001245
379	215	9524535
379	216	9089993
379	217	8682965
379	218	8291385
379	219	7938941
379	220	7602404
379	221	7275327
379	222	6982245
379	223	6709564
379	224	6454028
379	225	6200045
379	226	5979130
379	227	5748762
379	228	5526389
379	229	5327436
379	230	5114511
379	231	4916623
379	232	4719478
379	233	4538276
379	234	4366589
379	235	4194709
379	236	4027695
379	237	3864035
379	238	3693096
379	239	3535884
379	240	3378304
379	241	3226260
379	242	3072168
379	243	2925372
379	244	2772032
379	245	2632709
379	246	2502132
379	247	2367526
379	248	2237986
379	249	2111313
379	250	1995394
379	251	1878210
379	252	1768652
379	253	1667792
379	254	1568149
379	255	1475211
379	256	1393052
379	257	1315752
379	258	1241361
379	259	1166680
379	260	1105831
379	261	1039172
379	262	986875
379	263	944787
379	264	899139
379	265	864173
379	266	827330
379	267	789597
379	268	753210
379	269	719225
379	270	692260
379	271	666273
379	272	632524
379	273	605242
379	274	584809
379	275	564086
379	276	539022
379	277	517458
379	278	498732
379	279	479944
379	280	457996
379	281	437685
379	282	422798
379	283	408118
379	284	391828
379	285	375004
379	286	358173
379	287	347162
379	288	331132
379	289	315355
379	290	304480
379	291	291695
379	292	278622
379	293	264397
379	294	251709
379	295	239736
379	296	229683
379	297	222679
379	298	214057
379	299	202695
379	300	192672
379	301	186195
379	302	179913
379	303	169678
379	304	158006
379	305	146673
379	306	134892
379	307	122810
379	308	110959
379	309	99300
379	310	87462
379	311	74551
379	312	66569
379	313	58569
379	314	52584
379	315	46550
379	316	40363
379	317	35700
379	318	31680
379	319	27654
379	320	24714
379	321	21196
379	322	18068
379	323	15937
379	324	12981
379	325	10869
379	326	9134
379	327	8200
379	328	6894
379	329	5766
379	330	4381
379	331	3652
379	332	2784
379	333	2397
379	334	1849
379	335	1709
379	336	1573
379	337	1338
379	338	903
379	339	794
379	340	483
379	341	444
379	342	359
379	343	307
379	344	210
379	345	272
379	346	172
379	347	175
379	348	74
379	349	140
379	350	187
379	351	127
379	352	146
379	353	180
379	354	166
379	355	114
379	356	163
379	357	41
379	358	22
379	359	27
379	360	31
379	361	7
379	362	2
379	363	1
379	364	5
379	365	0
379	366	0
379	367	0
379	368	0
379	369	0
379	370	0
379	371	0
379	372	0
379	373	0
379	374	0
379	375	0
379	376	0
379	377	0
379	378	0
379	379	0
