length	num_GC	number_of_fragments
470	0	1305
470	1	1393
470	2	1504
470	3	2966
470	4	3002
470	5	4613
470	6	3709
470	7	2866
470	8	3440
470	9	3890
470	10	4647
470	11	4924
470	12	5247
470	13	6189
470	14	5862
470	15	5859
470	16	5155
470	17	5961
470	18	6743
470	19	7584
470	20	8015
470	21	8208
470	22	8336
470	23	8752
470	24	9180
470	25	8760
470	26	8502
470	27	7775
470	28	8211
470	29	8353
470	30	9017
470	31	8949
470	32	8629
470	33	10184
470	34	11010
470	35	11200
470	36	11061
470	37	11038
470	38	11214
470	39	11943
470	40	12420
470	41	13866
470	42	14630
470	43	14319
470	44	14000
470	45	14571
470	46	14445
470	47	15137
470	48	15926
470	49	15909
470	50	16510
470	51	16969
470	52	17311
470	53	18618
470	54	20324
470	55	19148
470	56	19738
470	57	20266
470	58	20232
470	59	21408
470	60	21838
470	61	22279
470	62	22366
470	63	22762
470	64	23101
470	65	23886
470	66	25013
470	67	26061
470	68	26432
470	69	26762
470	70	28231
470	71	29629
470	72	30611
470	73	31190
470	74	33952
470	75	34897
470	76	36227
470	77	37397
470	78	39097
470	79	41965
470	80	43865
470	81	45212
470	82	47043
470	83	50895
470	84	53091
470	85	57562
470	86	59682
470	87	65296
470	88	69164
470	89	73629
470	90	80469
470	91	89063
470	92	97796
470	93	109692
470	94	122495
470	95	137444
470	96	155951
470	97	177803
470	98	202081
470	99	229971
470	100	262931
470	101	304740
470	102	352598
470	103	410460
470	104	467684
470	105	539922
470	106	626545
470	107	718588
470	108	829461
470	109	950860
470	110	1090823
470	111	1243814
470	112	1416780
470	113	1609819
470	114	1824976
470	115	2053006
470	116	2300621
470	117	2576690
470	118	2866742
470	119	3185189
470	120	3540671
470	121	3912457
470	122	4313763
470	123	4752878
470	124	5188363
470	125	5657028
470	126	6147721
470	127	6663144
470	128	7207707
470	129	7773615
470	130	8345804
470	131	8931881
470	132	9546815
470	133	10190752
470	134	10836010
470	135	11511546
470	136	12194099
470	137	12895488
470	138	13572968
470	139	14250268
470	140	14931468
470	141	15651255
470	142	16361691
470	143	17051902
470	144	17747110
470	145	18449673
470	146	19107565
470	147	19822761
470	148	20471825
470	149	21124323
470	150	21805516
470	151	22468405
470	152	23072962
470	153	23670043
470	154	24261951
470	155	24843084
470	156	25401744
470	157	25942497
470	158	26439103
470	159	26920223
470	160	27392541
470	161	27810554
470	162	28242086
470	163	28629537
470	164	28996795
470	165	29343442
470	166	29643774
470	167	29919341
470	168	30154025
470	169	30384521
470	170	30631234
470	171	30829134
470	172	30976701
470	173	31107670
470	174	31202517
470	175	31282256
470	176	31344450
470	177	31389947
470	178	31411159
470	179	31445964
470	180	31440072
470	181	31462940
470	182	31449767
470	183	31430113
470	184	31409668
470	185	31367808
470	186	31313225
470	187	31218047
470	188	31150032
470	189	31052976
470	190	30963264
470	191	30879118
470	192	30788671
470	193	30721413
470	194	30626469
470	195	30528702
470	196	30413868
470	197	30301716
470	198	30180488
470	199	30036923
470	200	29892190
470	201	29739801
470	202	29561271
470	203	29368767
470	204	29154368
470	205	28918820
470	206	28686704
470	207	28413040
470	208	28103688
470	209	27796407
470	210	27475318
470	211	27117185
470	212	26737741
470	213	26340648
470	214	25920993
470	215	25481365
470	216	25002681
470	217	24540788
470	218	24057673
470	219	23576213
470	220	23060627
470	221	22582453
470	222	22082924
470	223	21580302
470	224	21046854
470	225	20531976
470	226	20026998
470	227	19507626
470	228	18985755
470	229	18475738
470	230	17974593
470	231	17480666
470	232	16972004
470	233	16455514
470	234	15946761
470	235	15461469
470	236	14949339
470	237	14468232
470	238	13981023
470	239	13495913
470	240	13031622
470	241	12561931
470	242	12104464
470	243	11662901
470	244	11218666
470	245	10784344
470	246	10376101
470	247	9957072
470	248	9560938
470	249	9167603
470	250	8810901
470	251	8479070
470	252	8146813
470	253	7823342
470	254	7531087
470	255	7247221
470	256	6970621
470	257	6720994
470	258	6490102
470	259	6271374
470	260	6056147
470	261	5849199
470	262	5663131
470	263	5476689
470	264	5304452
470	265	5136911
470	266	4979099
470	267	4837354
470	268	4685171
470	269	4556944
470	270	4422509
470	271	4292789
470	272	4164767
470	273	4048614
470	274	3941691
470	275	3833424
470	276	3726600
470	277	3631386
470	278	3535840
470	279	3447568
470	280	3355775
470	281	3258182
470	282	3162207
470	283	3069214
470	284	2981972
470	285	2889268
470	286	2802856
470	287	2720170
470	288	2636898
470	289	2553240
470	290	2475421
470	291	2395014
470	292	2315056
470	293	2241282
470	294	2159306
470	295	2076338
470	296	1999065
470	297	1926988
470	298	1854008
470	299	1784055
470	300	1719322
470	301	1652975
470	302	1586517
470	303	1522408
470	304	1460031
470	305	1394150
470	306	1325697
470	307	1267481
470	308	1219844
470	309	1167321
470	310	1115200
470	311	1061104
470	312	1008969
470	313	965302
470	314	922881
470	315	877382
470	316	841150
470	317	803071
470	318	764418
470	319	732188
470	320	693825
470	321	658860
470	322	626548
470	323	594777
470	324	571453
470	325	554126
470	326	534675
470	327	515539
470	328	492791
470	329	473374
470	330	455152
470	331	436823
470	332	422629
470	333	407127
470	334	391544
470	335	383709
470	336	373931
470	337	363050
470	338	356093
470	339	347067
470	340	338451
470	341	331283
470	342	324096
470	343	312113
470	344	302006
470	345	293686
470	346	285834
470	347	278976
470	348	275607
470	349	268430
470	350	263537
470	351	258539
470	352	251748
470	353	243344
470	354	236111
470	355	230032
470	356	226969
470	357	221392
470	358	215223
470	359	210011
470	360	204405
470	361	196877
470	362	189174
470	363	179154
470	364	172286
470	365	166715
470	366	161802
470	367	155102
470	368	146268
470	369	141788
470	370	134563
470	371	127930
470	372	125614
470	373	117963
470	374	112230
470	375	105701
470	376	100679
470	377	94280
470	378	87686
470	379	80812
470	380	74023
470	381	68321
470	382	62046
470	383	56333
470	384	51753
470	385	48068
470	386	43944
470	387	40226
470	388	36459
470	389	34597
470	390	33146
470	391	30933
470	392	27683
470	393	24226
470	394	21345
470	395	17985
470	396	17029
470	397	14501
470	398	13175
470	399	11592
470	400	9873
470	401	8625
470	402	7165
470	403	5920
470	404	5100
470	405	4414
470	406	3348
470	407	2888
470	408	2672
470	409	2242
470	410	1592
470	411	1372
470	412	1088
470	413	920
470	414	1047
470	415	767
470	416	660
470	417	589
470	418	445
470	419	333
470	420	495
470	421	461
470	422	305
470	423	331
470	424	198
470	425	154
470	426	84
470	427	94
470	428	84
470	429	127
470	430	113
470	431	172
470	432	207
470	433	181
470	434	78
470	435	66
470	436	49
470	437	65
470	438	43
470	439	55
470	440	45
470	441	41
470	442	39
470	443	43
470	444	55
470	445	35
470	446	39
470	447	25
470	448	24
470	449	34
470	450	51
470	451	16
470	452	18
470	453	14
470	454	14
470	455	6
470	456	5
470	457	12
470	458	17
470	459	8
470	460	17
470	461	11
470	462	6
470	463	6
470	464	1
470	465	4
470	466	1
470	467	0
470	468	0
470	469	0
470	470	0
