length	num_GC	number_of_fragments
437	0	1470
437	1	1623
437	2	2166
437	3	3878
437	4	3889
437	5	5086
437	6	3555
437	7	3275
437	8	4291
437	9	4293
437	10	5376
437	11	6008
437	12	6769
437	13	6893
437	14	6695
437	15	6243
437	16	6128
437	17	7082
437	18	8113
437	19	9973
437	20	9234
437	21	9219
437	22	8969
437	23	9595
437	24	8947
437	25	9016
437	26	8964
437	27	9560
437	28	10012
437	29	10109
437	30	10004
437	31	10588
437	32	11776
437	33	11997
437	34	12895
437	35	12724
437	36	12781
437	37	13320
437	38	14354
437	39	14008
437	40	15168
437	41	15639
437	42	15807
437	43	15821
437	44	16846
437	45	16908
437	46	17088
437	47	17694
437	48	18442
437	49	20806
437	50	20334
437	51	20946
437	52	20597
437	53	21361
437	54	22394
437	55	22907
437	56	23003
437	57	23403
437	58	24649
437	59	25039
437	60	26407
437	61	26927
437	62	27640
437	63	29107
437	64	30408
437	65	31094
437	66	32628
437	67	35050
437	68	36483
437	69	37413
437	70	38492
437	71	40417
437	72	42068
437	73	45019
437	74	48185
437	75	49350
437	76	52103
437	77	55180
437	78	59555
437	79	64276
437	80	68626
437	81	73102
437	82	81461
437	83	88784
437	84	99400
437	85	111115
437	86	124891
437	87	141529
437	88	159912
437	89	183183
437	90	212963
437	91	242148
437	92	278952
437	93	324991
437	94	376805
437	95	439963
437	96	513446
437	97	594751
437	98	693705
437	99	807190
437	100	930440
437	101	1077595
437	102	1240080
437	103	1420960
437	104	1625289
437	105	1855895
437	106	2105439
437	107	2386880
437	108	2684355
437	109	2999229
437	110	3371484
437	111	3754151
437	112	4178432
437	113	4638614
437	114	5113251
437	115	5617541
437	116	6132043
437	117	6690695
437	118	7271290
437	119	7862730
437	120	8497910
437	121	9147944
437	122	9831582
437	123	10527129
437	124	11232735
437	125	11974608
437	126	12714366
437	127	13450422
437	128	14210696
437	129	14957560
437	130	15729816
437	131	16479565
437	132	17248174
437	133	18018231
437	134	18791042
437	135	19550740
437	136	20270904
437	137	20977167
437	138	21702090
437	139	22430389
437	140	23130382
437	141	23787350
437	142	24474998
437	143	25098005
437	144	25715645
437	145	26302062
437	146	26845878
437	147	27370153
437	148	27879452
437	149	28366899
437	150	28827995
437	151	29258488
437	152	29668551
437	153	30021491
437	154	30326105
437	155	30664106
437	156	30928627
437	157	31173890
437	158	31395098
437	159	31579466
437	160	31737794
437	161	31872128
437	162	31961148
437	163	32014423
437	164	32057588
437	165	32090081
437	166	32101334
437	167	32053526
437	168	32037431
437	169	32043033
437	170	31994098
437	171	31914650
437	172	31796701
437	173	31707591
437	174	31566737
437	175	31418463
437	176	31267304
437	177	31123323
437	178	30986515
437	179	30845262
437	180	30713974
437	181	30561600
437	182	30420984
437	183	30273979
437	184	30098676
437	185	29926791
437	186	29753165
437	187	29588267
437	188	29429564
437	189	29246580
437	190	29040135
437	191	28822609
437	192	28601330
437	193	28317965
437	194	28043390
437	195	27772071
437	196	27477797
437	197	27158814
437	198	26774928
437	199	26384902
437	200	25968022
437	201	25534642
437	202	25044036
437	203	24575506
437	204	24085288
437	205	23602710
437	206	23062942
437	207	22522710
437	208	21979611
437	209	21431500
437	210	20870476
437	211	20311019
437	212	19747082
437	213	19181591
437	214	18616507
437	215	18046260
437	216	17493725
437	217	16938364
437	218	16411436
437	219	15874878
437	220	15313536
437	221	14768147
437	222	14233933
437	223	13699441
437	224	13177851
437	225	12671023
437	226	12187417
437	227	11687292
437	228	11212175
437	229	10764870
437	230	10317514
437	231	9889126
437	232	9476575
437	233	9075239
437	234	8693193
437	235	8327579
437	236	7985873
437	237	7666391
437	238	7356924
437	239	7067612
437	240	6801842
437	241	6552016
437	242	6317579
437	243	6091176
437	244	5872158
437	245	5677839
437	246	5482006
437	247	5300364
437	248	5118779
437	249	4954659
437	250	4803497
437	251	4664440
437	252	4519599
437	253	4380224
437	254	4240865
437	255	4114799
437	256	3993098
437	257	3877428
437	258	3774677
437	259	3674378
437	260	3571313
437	261	3452237
437	262	3356223
437	263	3255895
437	264	3159681
437	265	3061793
437	266	2966214
437	267	2867177
437	268	2773428
437	269	2680806
437	270	2588550
437	271	2502100
437	272	2410761
437	273	2323003
437	274	2233819
437	275	2147588
437	276	2067168
437	277	1987913
437	278	1905729
437	279	1826490
437	280	1750113
437	281	1681172
437	282	1605459
437	283	1525029
437	284	1452436
437	285	1385498
437	286	1325826
437	287	1263540
437	288	1205065
437	289	1141018
437	290	1078254
437	291	1027300
437	292	982820
437	293	935031
437	294	894495
437	295	848395
437	296	801581
437	297	757010
437	298	718170
437	299	684377
437	300	648473
437	301	614698
437	302	592850
437	303	565809
437	304	546840
437	305	524106
437	306	504697
437	307	484190
437	308	463524
437	309	443532
437	310	426560
437	311	415305
437	312	398801
437	313	384613
437	314	374828
437	315	367196
437	316	358110
437	317	349010
437	318	337522
437	319	328952
437	320	319574
437	321	312013
437	322	305034
437	323	294825
437	324	291216
437	325	280837
437	326	273296
437	327	267802
437	328	261763
437	329	256934
437	330	250314
437	331	242932
437	332	234909
437	333	226199
437	334	220942
437	335	214320
437	336	207542
437	337	196388
437	338	188188
437	339	182633
437	340	176761
437	341	168597
437	342	159432
437	343	152244
437	344	145899
437	345	141393
437	346	135555
437	347	126770
437	348	120654
437	349	112634
437	350	105457
437	351	98731
437	352	93096
437	353	85432
437	354	80372
437	355	73774
437	356	65673
437	357	58604
437	358	53572
437	359	48920
437	360	42856
437	361	39802
437	362	38418
437	363	35832
437	364	32422
437	365	30184
437	366	26210
437	367	22189
437	368	20026
437	369	17035
437	370	15847
437	371	13392
437	372	11288
437	373	9340
437	374	8733
437	375	7162
437	376	6304
437	377	5178
437	378	4537
437	379	3558
437	380	2773
437	381	2369
437	382	1940
437	383	1606
437	384	1407
437	385	1129
437	386	832
437	387	584
437	388	698
437	389	497
437	390	431
437	391	514
437	392	482
437	393	454
437	394	332
437	395	226
437	396	109
437	397	78
437	398	63
437	399	66
437	400	81
437	401	77
437	402	103
437	403	68
437	404	107
437	405	128
437	406	115
437	407	113
437	408	61
437	409	50
437	410	36
437	411	28
437	412	31
437	413	38
437	414	22
437	415	27
437	416	39
437	417	46
437	418	28
437	419	26
437	420	16
437	421	32
437	422	22
437	423	15
437	424	15
437	425	13
437	426	3
437	427	11
437	428	7
437	429	0
437	430	0
437	431	0
437	432	0
437	433	0
437	434	0
437	435	0
437	436	0
437	437	0
