length	num_GC	number_of_fragments
467	0	1316
467	1	1417
467	2	1578
467	3	3042
467	4	3123
467	5	4692
467	6	3757
467	7	2851
467	8	3539
467	9	3920
467	10	4721
467	11	5010
467	12	5363
467	13	6291
467	14	5983
467	15	5881
467	16	5329
467	17	5989
467	18	6778
467	19	7603
467	20	8270
467	21	8382
467	22	8451
467	23	8981
467	24	9169
467	25	8687
467	26	8418
467	27	7874
467	28	8369
467	29	8444
467	30	9272
467	31	8914
467	32	9071
467	33	10640
467	34	11096
467	35	11213
467	36	11084
467	37	11162
467	38	11708
467	39	12246
467	40	12753
467	41	14232
467	42	14651
467	43	14326
467	44	14141
467	45	14826
467	46	14829
467	47	15165
467	48	16375
467	49	15925
467	50	16841
467	51	17315
467	52	17844
467	53	19441
467	54	20089
467	55	19291
467	56	19847
467	57	20388
467	58	20661
467	59	22062
467	60	22148
467	61	22762
467	62	22581
467	63	22669
467	64	23655
467	65	24561
467	66	25570
467	67	26544
467	68	26804
467	69	27853
467	70	29082
467	71	29928
467	72	31568
467	73	32570
467	74	35006
467	75	36046
467	76	37215
467	77	38130
467	78	40850
467	79	43656
467	80	44587
467	81	46806
467	82	48947
467	83	52752
467	84	55852
467	85	59902
467	86	62950
467	87	68885
467	88	71855
467	89	78151
467	90	86653
467	91	95900
467	92	106480
467	93	118334
467	94	133125
467	95	150486
467	96	173632
467	97	195625
467	98	222352
467	99	254851
467	100	294132
467	101	341877
467	102	394615
467	103	456619
467	104	522661
467	105	605982
467	106	699365
467	107	807455
467	108	927050
467	109	1061459
467	110	1216160
467	111	1384921
467	112	1573242
467	113	1787492
467	114	2015880
467	115	2264500
467	116	2527676
467	117	2824603
467	118	3143634
467	119	3489318
467	120	3867072
467	121	4266649
467	122	4694608
467	123	5152499
467	124	5610783
467	125	6104700
467	126	6611859
467	127	7158692
467	128	7737516
467	129	8309867
467	130	8894785
467	131	9518290
467	132	10150168
467	133	10808182
467	134	11499928
467	135	12175612
467	136	12877133
467	137	13572961
467	138	14242780
467	139	14946932
467	140	15646832
467	141	16372476
467	142	17065068
467	143	17774957
467	144	18480747
467	145	19166491
467	146	19836113
467	147	20528059
467	148	21185732
467	149	21849614
467	150	22505726
467	151	23160345
467	152	23730692
467	153	24329574
467	154	24913065
467	155	25483097
467	156	26007149
467	157	26526137
467	158	27011852
467	159	27484057
467	160	27905022
467	161	28322374
467	162	28701620
467	163	29087703
467	164	29437236
467	165	29729842
467	166	30001372
467	167	30244521
467	168	30476105
467	169	30708815
467	170	30912928
467	171	31056829
467	172	31180100
467	173	31276000
467	174	31350494
467	175	31408485
467	176	31451128
467	177	31473944
467	178	31478082
467	179	31503778
467	180	31497446
467	181	31495362
467	182	31471343
467	183	31439914
467	184	31381739
467	185	31321034
467	186	31244638
467	187	31130824
467	188	31053043
467	189	30950046
467	190	30863861
467	191	30783484
467	192	30682748
467	193	30598521
467	194	30505680
467	195	30386868
467	196	30256022
467	197	30126634
467	198	29984523
467	199	29850571
467	200	29679454
467	201	29515179
467	202	29312821
467	203	29082010
467	204	28859753
467	205	28614691
467	206	28322242
467	207	28023219
467	208	27713151
467	209	27389943
467	210	27034727
467	211	26645330
467	212	26236775
467	213	25821807
467	214	25359191
467	215	24883099
467	216	24408788
467	217	23932543
467	218	23433581
467	219	22928335
467	220	22432804
467	221	21935460
467	222	21431298
467	223	20892376
467	224	20376615
467	225	19845791
467	226	19332821
467	227	18813590
467	228	18299298
467	229	17810111
467	230	17296016
467	231	16778411
467	232	16261334
467	233	15767347
467	234	15251424
467	235	14759453
467	236	14278898
467	237	13776371
467	238	13306867
467	239	12831623
467	240	12356367
467	241	11907241
467	242	11472115
467	243	11014044
467	244	10597718
467	245	10183365
467	246	9768526
467	247	9365471
467	248	8985707
467	249	8655725
467	250	8311858
467	251	7985775
467	252	7677826
467	253	7382104
467	254	7099979
467	255	6834538
467	256	6599587
467	257	6373009
467	258	6157639
467	259	5945875
467	260	5747057
467	261	5561198
467	262	5378797
467	263	5213057
467	264	5050094
467	265	4898940
467	266	4749888
467	267	4608392
467	268	4482683
467	269	4342284
467	270	4221297
467	271	4095884
467	272	3981198
467	273	3874437
467	274	3768616
467	275	3672748
467	276	3574464
467	277	3482024
467	278	3392762
467	279	3295257
467	280	3193582
467	281	3103115
467	282	3010100
467	283	2920021
467	284	2831829
467	285	2749854
467	286	2663427
467	287	2578506
467	288	2499160
467	289	2421809
467	290	2336745
467	291	2263289
467	292	2178165
467	293	2096941
467	294	2018360
467	295	1947319
467	296	1868889
467	297	1802304
467	298	1734116
467	299	1669126
467	300	1602043
467	301	1533627
467	302	1472601
467	303	1403670
467	304	1335305
467	305	1277413
467	306	1228617
467	307	1176603
467	308	1121671
467	309	1068934
467	310	1014846
467	311	970053
467	312	926962
467	313	883327
467	314	845552
467	315	807565
467	316	766733
467	317	735353
467	318	695733
467	319	661400
467	320	625866
467	321	597088
467	322	574960
467	323	555384
467	324	535611
467	325	516673
467	326	493796
467	327	473497
467	328	455652
467	329	437959
467	330	423034
467	331	407789
467	332	392859
467	333	383778
467	334	373829
467	335	363456
467	336	356029
467	337	348593
467	338	337473
467	339	331819
467	340	323612
467	341	311111
467	342	303505
467	343	292325
467	344	284882
467	345	280409
467	346	275215
467	347	268738
467	348	265091
467	349	259497
467	350	249533
467	351	242845
467	352	235953
467	353	230878
467	354	226158
467	355	221221
467	356	215627
467	357	208782
467	358	203452
467	359	196449
467	360	186976
467	361	177905
467	362	170986
467	363	166374
467	364	159877
467	365	153253
467	366	146607
467	367	139955
467	368	132559
467	369	128445
467	370	123171
467	371	117763
467	372	110729
467	373	104184
467	374	99095
467	375	91852
467	376	85782
467	377	78305
467	378	73113
467	379	65872
467	380	60360
467	381	54897
467	382	50404
467	383	46528
467	384	42517
467	385	38716
467	386	35546
467	387	34639
467	388	32167
467	389	29597
467	390	26114
467	391	23527
467	392	19570
467	393	17932
467	394	15784
467	395	13866
467	396	12671
467	397	10458
467	398	9522
467	399	7862
467	400	6614
467	401	5490
467	402	4807
467	403	3788
467	404	3203
467	405	2771
467	406	2575
467	407	1740
467	408	1457
467	409	1249
467	410	993
467	411	1033
467	412	851
467	413	619
467	414	663
467	415	504
467	416	328
467	417	485
467	418	436
467	419	334
467	420	339
467	421	218
467	422	184
467	423	79
467	424	72
467	425	63
467	426	99
467	427	71
467	428	98
467	429	187
467	430	175
467	431	109
467	432	43
467	433	40
467	434	30
467	435	26
467	436	25
467	437	28
467	438	28
467	439	21
467	440	31
467	441	27
467	442	24
467	443	30
467	444	17
467	445	19
467	446	22
467	447	24
467	448	16
467	449	12
467	450	11
467	451	26
467	452	19
467	453	16
467	454	9
467	455	6
467	456	2
467	457	3
467	458	5
467	459	0
467	460	0
467	461	0
467	462	0
467	463	0
467	464	0
467	465	0
467	466	0
467	467	0
