length	num_GC	number_of_fragments
456	0	1350
456	1	1491
456	2	1707
456	3	3308
456	4	3483
456	5	4793
456	6	3711
456	7	2902
456	8	3941
456	9	3927
456	10	4871
456	11	5315
456	12	5830
456	13	6633
456	14	6426
456	15	5814
456	16	5599
456	17	6044
456	18	7454
456	19	8450
456	20	8953
456	21	8811
456	22	8533
456	23	8989
456	24	9177
456	25	8359
456	26	8566
456	27	8377
456	28	8801
456	29	9065
456	30	9985
456	31	9153
456	32	9899
456	33	11700
456	34	11239
456	35	11177
456	36	11935
456	37	12218
456	38	12398
456	39	13319
456	40	13735
456	41	14598
456	42	14773
456	43	14700
456	44	14976
456	45	15660
456	46	15465
456	47	16262
456	48	16827
456	49	17024
456	50	17741
456	51	18171
456	52	20123
456	53	20222
456	54	20120
456	55	19911
456	56	21212
456	57	21854
456	58	21723
456	59	22866
456	60	23429
456	61	23192
456	62	24149
456	63	24892
456	64	25847
456	65	26621
456	66	27066
456	67	27956
456	68	29461
456	69	31467
456	70	32070
456	71	34164
456	72	35593
456	73	37098
456	74	37577
456	75	39579
456	76	41034
456	77	44809
456	78	46477
456	79	47541
456	80	50565
456	81	53673
456	82	57871
456	83	61753
456	84	67122
456	85	71726
456	86	76282
456	87	83088
456	88	92668
456	89	102833
456	90	114130
456	91	128558
456	92	147394
456	93	167601
456	94	189807
456	95	217258
456	96	246536
456	97	285819
456	98	333180
456	99	384391
456	100	445676
456	101	516728
456	102	596300
456	103	691519
456	104	795215
456	105	921245
456	106	1063541
456	107	1213572
456	108	1387105
456	109	1580441
456	110	1796178
456	111	2031763
456	112	2291628
456	113	2562722
456	114	2866854
456	115	3197255
456	116	3558429
456	117	3946151
456	118	4369401
456	119	4819555
456	120	5283212
456	121	5768280
456	122	6271258
456	123	6798885
456	124	7372271
456	125	7965654
456	126	8566128
456	127	9175152
456	128	9815855
456	129	10482766
456	130	11170351
456	131	11880512
456	132	12592063
456	133	13302070
456	134	14006931
456	135	14719379
456	136	15424512
456	137	16147407
456	138	16893056
456	139	17632757
456	140	18354816
456	141	19061145
456	142	19771632
456	143	20466337
456	144	21142251
456	145	21831726
456	146	22503557
456	147	23147717
456	148	23785032
456	149	24402206
456	150	25008717
456	151	25590049
456	152	26133939
456	153	26637993
456	154	27153107
456	155	27659736
456	156	28098442
456	157	28500685
456	158	28905802
456	159	29298743
456	160	29653261
456	161	29961674
456	162	30242567
456	163	30475213
456	164	30743754
456	165	30959618
456	166	31139201
456	167	31307185
456	168	31441109
456	169	31520835
456	170	31582267
456	171	31634395
456	172	31668484
456	173	31687242
456	174	31668245
456	175	31665054
456	176	31674461
456	177	31680788
456	178	31643044
456	179	31575268
456	180	31470101
456	181	31385589
456	182	31281053
456	183	31171318
456	184	31071899
456	185	30943248
456	186	30843923
456	187	30738675
456	188	30644648
456	189	30541101
456	190	30419887
456	191	30299717
456	192	30110543
456	193	29984225
456	194	29851072
456	195	29704808
456	196	29535905
456	197	29350073
456	198	29163088
456	199	28928699
456	200	28680963
456	201	28395794
456	202	28108129
456	203	27817405
456	204	27531655
456	205	27189672
456	206	26809512
456	207	26407170
456	208	25979738
456	209	25552236
456	210	25079738
456	211	24586525
456	212	24097279
456	213	23584719
456	214	23078518
456	215	22597440
456	216	22080619
456	217	21554978
456	218	21021888
456	219	20470292
456	220	19915423
456	221	19399861
456	222	18868800
456	223	18348917
456	224	17811271
456	225	17275568
456	226	16770829
456	227	16256337
456	228	15721159
456	229	15216665
456	230	14709476
456	231	14192432
456	232	13689951
456	233	13207154
456	234	12717013
456	235	12231694
456	236	11775157
456	237	11323840
456	238	10882969
456	239	10446205
456	240	10013520
456	241	9598957
456	242	9202385
456	243	8839223
456	244	8488648
456	245	8161631
456	246	7830798
456	247	7509536
456	248	7222276
456	249	6957773
456	250	6694274
456	251	6463743
456	252	6239043
456	253	6029845
456	254	5821071
456	255	5623779
456	256	5436803
456	257	5263167
456	258	5100386
456	259	4943733
456	260	4794726
456	261	4642924
456	262	4498850
456	263	4380577
456	264	4242022
456	265	4118956
456	266	3996932
456	267	3890467
456	268	3787669
456	269	3688370
456	270	3588553
456	271	3488134
456	272	3393582
456	273	3296131
456	274	3194088
456	275	3092081
456	276	3003207
456	277	2921173
456	278	2832239
456	279	2732407
456	280	2645241
456	281	2567975
456	282	2481245
456	283	2399674
456	284	2314744
456	285	2229525
456	286	2148078
456	287	2070988
456	288	1989442
456	289	1912791
456	290	1843212
456	291	1768716
456	292	1701866
456	293	1628580
456	294	1564714
456	295	1492249
456	296	1419592
456	297	1351259
456	298	1297083
456	299	1246583
456	300	1192271
456	301	1130456
456	302	1070733
456	303	1019604
456	304	978550
456	305	932105
456	306	885402
456	307	851682
456	308	810207
456	309	763485
456	310	728345
456	311	691162
456	312	657023
456	313	624473
456	314	595979
456	315	573459
456	316	554601
456	317	531864
456	318	511932
456	319	490494
456	320	471200
456	321	452943
456	322	433256
456	323	420238
456	324	405500
456	325	392111
456	326	381343
456	327	369624
456	328	361871
456	329	354870
456	330	344030
456	331	337342
456	332	327537
456	333	319522
456	334	307352
456	335	299288
456	336	289288
456	337	283098
456	338	280969
456	339	276667
456	340	269310
456	341	258473
456	342	253998
456	343	247639
456	344	239186
456	345	235439
456	346	229192
456	347	223116
456	348	217810
456	349	210537
456	350	204762
456	351	196509
456	352	186060
456	353	179877
456	354	171371
456	355	166313
456	356	159748
456	357	152728
456	358	146074
456	359	138824
456	360	134195
456	361	128324
456	362	122582
456	363	116150
456	364	108855
456	365	102410
456	366	96448
456	367	89175
456	368	81712
456	369	76279
456	370	70771
456	371	63207
456	372	57796
456	373	53649
456	374	47303
456	375	42992
456	376	39610
456	377	36660
456	378	35450
456	379	32737
456	380	30599
456	381	27380
456	382	23732
456	383	20551
456	384	17935
456	385	16113
456	386	14289
456	387	12426
456	388	10902
456	389	9223
456	390	7894
456	391	6796
456	392	5336
456	393	4704
456	394	4044
456	395	3333
456	396	2942
456	397	2262
456	398	1810
456	399	1301
456	400	1302
456	401	1260
456	402	1011
456	403	756
456	404	548
456	405	491
456	406	541
456	407	484
456	408	457
456	409	412
456	410	398
456	411	287
456	412	257
456	413	122
456	414	102
456	415	92
456	416	87
456	417	79
456	418	92
456	419	158
456	420	224
456	421	173
456	422	130
456	423	73
456	424	48
456	425	51
456	426	52
456	427	53
456	428	44
456	429	50
456	430	52
456	431	30
456	432	41
456	433	27
456	434	23
456	435	35
456	436	57
456	437	21
456	438	21
456	439	18
456	440	15
456	441	9
456	442	9
456	443	13
456	444	15
456	445	9
456	446	18
456	447	11
456	448	6
456	449	6
456	450	1
456	451	4
456	452	1
456	453	0
456	454	0
456	455	0
456	456	0
