length	num_GC	number_of_fragments
497	0	1193
497	1	1198
497	2	1317
497	3	2384
497	4	2361
497	5	3817
497	6	3812
497	7	2951
497	8	3087
497	9	3143
497	10	4339
497	11	4642
497	12	4924
497	13	5061
497	14	4684
497	15	5601
497	16	4820
497	17	4884
497	18	5737
497	19	6404
497	20	7193
497	21	7460
497	22	6606
497	23	8561
497	24	8427
497	25	8072
497	26	8813
497	27	8450
497	28	7269
497	29	7639
497	30	7633
497	31	8072
497	32	8473
497	33	8141
497	34	9301
497	35	9826
497	36	9781
497	37	10490
497	38	10136
497	39	9827
497	40	10285
497	41	10449
497	42	11395
497	43	12825
497	44	13484
497	45	13688
497	46	13425
497	47	13181
497	48	13421
497	49	13488
497	50	15287
497	51	15450
497	52	15428
497	53	15225
497	54	16054
497	55	16660
497	56	18242
497	57	19420
497	58	19453
497	59	18770
497	60	19411
497	61	19397
497	62	19852
497	63	20972
497	64	20544
497	65	20523
497	66	21336
497	67	21513
497	68	22200
497	69	23514
497	70	23718
497	71	24196
497	72	24158
497	73	25339
497	74	26986
497	75	27414
497	76	28272
497	77	29109
497	78	29953
497	79	30624
497	80	32152
497	81	32883
497	82	35357
497	83	37021
497	84	39021
497	85	41842
497	86	43153
497	87	44994
497	88	47620
497	89	49322
497	90	52487
497	91	54969
497	92	58640
497	93	61329
497	94	66031
497	95	71870
497	96	78220
497	97	83855
497	98	92058
497	99	100341
497	100	113204
497	101	128089
497	102	140793
497	103	161247
497	104	181778
497	105	205572
497	106	234679
497	107	270766
497	108	306726
497	109	352411
497	110	403951
497	111	468376
497	112	535581
497	113	611155
497	114	696648
497	115	802609
497	116	915613
497	117	1040324
497	118	1185827
497	119	1347868
497	120	1524116
497	121	1716152
497	122	1918621
497	123	2135432
497	124	2385431
497	125	2658077
497	126	2951545
497	127	3260254
497	128	3593235
497	129	3953856
497	130	4324480
497	131	4715808
497	132	5143650
497	133	5588439
497	134	6059429
497	135	6532671
497	136	7052264
497	137	7578681
497	138	8107943
497	139	8662136
497	140	9235986
497	141	9830376
497	142	10427327
497	143	11042804
497	144	11662643
497	145	12310665
497	146	12954649
497	147	13628141
497	148	14279205
497	149	14914999
497	150	15586926
497	151	16227461
497	152	16893275
497	153	17526440
497	154	18176119
497	155	18807005
497	156	19450296
497	157	20092403
497	158	20726446
497	159	21327880
497	160	21950714
497	161	22554826
497	162	23142321
497	163	23703534
497	164	24220401
497	165	24725687
497	166	25242986
497	167	25740162
497	168	26191918
497	169	26638180
497	170	27078917
497	171	27483676
497	172	27884617
497	173	28241961
497	174	28595341
497	175	28888078
497	176	29173674
497	177	29437139
497	178	29700985
497	179	29923906
497	180	30107825
497	181	30272454
497	182	30420083
497	183	30570386
497	184	30692091
497	185	30797170
497	186	30838340
497	187	30900330
497	188	30975233
497	189	31081288
497	190	31121330
497	191	31122091
497	192	31138444
497	193	31134167
497	194	31139900
497	195	31115431
497	196	31142074
497	197	31128424
497	198	31101475
497	199	31056292
497	200	31000210
497	201	30934056
497	202	30885467
497	203	30824093
497	204	30757741
497	205	30709134
497	206	30639593
497	207	30540192
497	208	30400318
497	209	30251764
497	210	30100230
497	211	29983816
497	212	29810624
497	213	29637746
497	214	29441676
497	215	29252132
497	216	29037364
497	217	28763729
497	218	28466534
497	219	28163596
497	220	27842464
497	221	27500822
497	222	27129935
497	223	26774086
497	224	26397531
497	225	26002068
497	226	25590409
497	227	25131052
497	228	24684516
497	229	24237954
497	230	23775308
497	231	23328755
497	232	22856097
497	233	22377281
497	234	21895031
497	235	21440053
497	236	20943908
497	237	20463011
497	238	19966689
497	239	19489311
497	240	18999955
497	241	18521111
497	242	18030708
497	243	17566547
497	244	17117011
497	245	16645813
497	246	16181869
497	247	15694663
497	248	15215538
497	249	14728911
497	250	14267861
497	251	13808265
497	252	13371229
497	253	12928502
497	254	12468744
497	255	12035697
497	256	11637255
497	257	11238308
497	258	10818717
497	259	10420448
497	260	10042811
497	261	9649140
497	262	9287549
497	263	8946311
497	264	8609487
497	265	8296030
497	266	7973152
497	267	7691313
497	268	7416928
497	269	7145521
497	270	6902687
497	271	6671139
497	272	6439707
497	273	6222319
497	274	6017097
497	275	5823591
497	276	5632244
497	277	5452472
497	278	5302064
497	279	5143887
497	280	4994369
497	281	4848511
497	282	4702108
497	283	4570703
497	284	4443782
497	285	4328306
497	286	4200522
497	287	4088786
497	288	3983285
497	289	3874922
497	290	3770442
497	291	3674346
497	292	3573327
497	293	3478956
497	294	3398136
497	295	3310653
497	296	3226774
497	297	3142348
497	298	3056952
497	299	2980371
497	300	2892237
497	301	2801820
497	302	2715728
497	303	2642077
497	304	2565464
497	305	2486410
497	306	2409586
497	307	2344107
497	308	2270699
497	309	2198541
497	310	2124214
497	311	2050515
497	312	1983332
497	313	1917727
497	314	1843851
497	315	1776743
497	316	1712141
497	317	1644769
497	318	1587662
497	319	1530855
497	320	1479002
497	321	1418670
497	322	1360463
497	323	1303602
497	324	1244884
497	325	1197079
497	326	1147311
497	327	1097197
497	328	1051590
497	329	1004702
497	330	957524
497	331	917159
497	332	880395
497	333	842484
497	334	807059
497	335	772812
497	336	737462
497	337	706187
497	338	671202
497	339	639573
497	340	610227
497	341	584955
497	342	560904
497	343	544314
497	344	522446
497	345	503533
497	346	484256
497	347	467050
497	348	452757
497	349	434015
497	350	416066
497	351	401009
497	352	388079
497	353	378998
497	354	369302
497	355	361600
497	356	352462
497	357	344083
497	358	339264
497	359	330311
497	360	323920
497	361	317207
497	362	306244
497	363	294680
497	364	289130
497	365	280599
497	366	271755
497	367	264081
497	368	259861
497	369	254802
497	370	250218
497	371	247269
497	372	241367
497	373	234247
497	374	228355
497	375	222640
497	376	217581
497	377	212448
497	378	206215
497	379	198504
497	380	195876
497	381	193349
497	382	184525
497	383	180653
497	384	173034
497	385	163226
497	386	158018
497	387	152410
497	388	148059
497	389	137809
497	390	132727
497	391	126633
497	392	122960
497	393	118542
497	394	111184
497	395	108025
497	396	101052
497	397	95519
497	398	89955
497	399	84360
497	400	78133
497	401	71004
497	402	66482
497	403	62249
497	404	58766
497	405	52912
497	406	47891
497	407	45108
497	408	39813
497	409	37917
497	410	35235
497	411	32885
497	412	30296
497	413	27693
497	414	25579
497	415	23128
497	416	20969
497	417	18436
497	418	14895
497	419	13596
497	420	12520
497	421	11439
497	422	9872
497	423	8664
497	424	7508
497	425	6536
497	426	5320
497	427	4562
497	428	3581
497	429	2636
497	430	2515
497	431	2303
497	432	1698
497	433	1563
497	434	1308
497	435	933
497	436	869
497	437	783
497	438	964
497	439	785
497	440	501
497	441	516
497	442	467
497	443	464
497	444	399
497	445	319
497	446	337
497	447	219
497	448	192
497	449	149
497	450	114
497	451	143
497	452	158
497	453	208
497	454	202
497	455	119
497	456	94
497	457	79
497	458	47
497	459	59
497	460	46
497	461	37
497	462	45
497	463	43
497	464	56
497	465	34
497	466	28
497	467	43
497	468	35
497	469	36
497	470	57
497	471	42
497	472	31
497	473	40
497	474	26
497	475	25
497	476	34
497	477	38
497	478	23
497	479	23
497	480	12
497	481	16
497	482	7
497	483	8
497	484	11
497	485	9
497	486	3
497	487	11
497	488	7
497	489	0
497	490	0
497	491	0
497	492	0
497	493	0
497	494	0
497	495	0
497	496	0
497	497	0
