length	num_GC	number_of_fragments
481	0	1252
481	1	1297
481	2	1424
481	3	2692
481	4	2759
481	5	4386
481	6	3648
481	7	2952
481	8	3151
481	9	3600
481	10	4743
481	11	4707
481	12	5003
481	13	5619
481	14	5328
481	15	6042
481	16	4926
481	17	5419
481	18	6224
481	19	7217
481	20	7772
481	21	7393
481	22	8337
481	23	8739
481	24	8378
481	25	8902
481	26	8551
481	27	7766
481	28	7892
481	29	8279
481	30	8373
481	31	8665
481	32	8475
481	33	9036
481	34	10488
481	35	10229
481	36	10239
481	37	11033
481	38	11214
481	39	10791
481	40	11469
481	41	12024
481	42	13678
481	43	14487
481	44	13584
481	45	14368
481	46	13697
481	47	14209
481	48	14957
481	49	15510
481	50	16021
481	51	16172
481	52	16036
481	53	16927
481	54	18573
481	55	19127
481	56	19085
481	57	19721
481	58	19445
481	59	20379
481	60	20748
481	61	21365
481	62	21368
481	63	21438
481	64	22079
481	65	22137
481	66	22761
481	67	24404
481	68	24796
481	69	25976
481	70	25523
481	71	26788
481	72	27351
481	73	28891
481	74	29851
481	75	31412
481	76	31854
481	77	33548
481	78	35214
481	79	36388
481	80	38126
481	81	40544
481	82	43162
481	83	44929
481	84	46734
481	85	49722
481	86	50902
481	87	54555
481	88	57948
481	89	60945
481	90	65069
481	91	71046
481	92	77255
481	93	84192
481	94	91595
481	95	100767
481	96	111800
481	97	125996
481	98	143141
481	99	160524
481	100	182358
481	101	207201
481	102	235642
481	103	270677
481	104	314168
481	105	361199
481	106	415729
481	107	480559
481	108	549261
481	109	633787
481	110	726002
481	111	830084
481	112	955744
481	113	1092607
481	114	1244823
481	115	1414769
481	116	1600148
481	117	1808334
481	118	2032975
481	119	2273600
481	120	2542532
481	121	2823950
481	122	3129753
481	123	3471825
481	124	3835953
481	125	4223936
481	126	4617265
481	127	5054938
481	128	5512801
481	129	5977535
481	130	6486304
481	131	7005575
481	132	7541543
481	133	8106628
481	134	8671335
481	135	9264700
481	136	9873819
481	137	10506913
481	138	11149281
481	139	11800600
481	140	12475863
481	141	13139433
481	142	13808570
481	143	14485977
481	144	15161016
481	145	15856426
481	146	16545964
481	147	17219715
481	148	17875313
481	149	18533805
481	150	19212195
481	151	19883928
481	152	20524856
481	153	21180040
481	154	21826830
481	155	22447115
481	156	23062279
481	157	23642762
481	158	24207349
481	159	24776885
481	160	25311841
481	161	25809350
481	162	26297246
481	163	26753502
481	164	27217824
481	165	27657972
481	166	28062837
481	167	28449244
481	168	28808611
481	169	29137471
481	170	29417203
481	171	29678811
481	172	29938199
481	173	30190499
481	174	30390685
481	175	30580332
481	176	30728462
481	177	30860152
481	178	30984625
481	179	31068159
481	180	31127150
481	181	31180719
481	182	31231441
481	183	31273526
481	184	31293577
481	185	31306025
481	186	31303337
481	187	31304836
481	188	31292364
481	189	31254363
481	190	31231238
481	191	31196656
481	192	31134307
481	193	31041069
481	194	30970562
481	195	30907825
481	196	30819172
481	197	30763018
481	198	30714651
481	199	30623605
481	200	30506886
481	201	30393790
481	202	30275187
481	203	30152210
481	204	30022276
481	205	29860021
481	206	29683655
481	207	29505624
481	208	29301787
481	209	29081618
481	210	28858986
481	211	28587826
481	212	28311184
481	213	27986996
481	214	27636279
481	215	27300141
481	216	26937339
481	217	26558740
481	218	26169613
481	219	25721721
481	220	25286032
481	221	24840401
481	222	24353927
481	223	23871577
481	224	23416217
481	225	22938953
481	226	22454462
481	227	21950457
481	228	21440695
481	229	20937807
481	230	20438653
481	231	19961138
481	232	19451881
481	233	18927833
481	234	18424922
481	235	17953017
481	236	17456449
481	237	16977140
481	238	16489512
481	239	15997601
481	240	15494843
481	241	15018394
481	242	14520928
481	243	14049168
481	244	13568674
481	245	13123200
481	246	12667194
481	247	12224378
481	248	11787158
481	249	11358284
481	250	10918779
481	251	10513645
481	252	10110272
481	253	9712433
481	254	9340716
481	255	8972739
481	256	8620721
481	257	8298955
481	258	7983885
481	259	7685014
481	260	7395581
481	261	7123466
481	262	6870883
481	263	6626593
481	264	6402270
481	265	6183886
481	266	5980889
481	267	5774835
481	268	5597478
481	269	5421085
481	270	5252534
481	271	5088975
481	272	4937909
481	273	4796735
481	274	4663270
481	275	4521055
481	276	4385712
481	277	4269340
481	278	4152293
481	279	4034617
481	280	3921512
481	281	3821238
481	282	3715035
481	283	3613961
481	284	3522649
481	285	3435453
481	286	3345516
481	287	3255805
481	288	3169646
481	289	3079381
481	290	2987832
481	291	2900287
481	292	2806167
481	293	2724050
481	294	2649705
481	295	2572333
481	296	2485922
481	297	2414059
481	298	2339707
481	299	2256936
481	300	2187287
481	301	2111027
481	302	2035427
481	303	1955268
481	304	1884234
481	305	1814853
481	306	1747846
481	307	1684738
481	308	1618863
481	309	1560041
481	310	1498521
481	311	1438664
481	312	1374599
481	313	1316599
481	314	1255456
481	315	1200145
481	316	1154867
481	317	1103838
481	318	1054528
481	319	1006094
481	320	958036
481	321	917435
481	322	877360
481	323	837036
481	324	802006
481	325	765332
481	326	731709
481	327	697968
481	328	663966
481	329	629909
481	330	600226
481	331	575246
481	332	551784
481	333	534249
481	334	518716
481	335	499219
481	336	478248
481	337	457714
481	338	439641
481	339	425282
481	340	408262
481	341	394912
481	342	385631
481	343	378133
481	344	365949
481	345	355589
481	346	347010
481	347	340386
481	348	334949
481	349	326124
481	350	317741
481	351	307908
481	352	296645
481	353	289620
481	354	284849
481	355	273686
481	356	266519
481	357	262732
481	358	258586
481	359	256780
481	360	248350
481	361	238900
481	362	233611
481	363	229319
481	364	224054
481	365	218231
481	366	211441
481	367	206581
481	368	201633
481	369	196670
481	370	189671
481	371	180553
481	372	171586
481	373	167150
481	374	161633
481	375	156082
481	376	147696
481	377	140800
481	378	134649
481	379	127212
481	380	126086
481	381	118209
481	382	112895
481	383	106572
481	384	102995
481	385	97291
481	386	88602
481	387	83468
481	388	78128
481	389	70346
481	390	64054
481	391	59752
481	392	54632
481	393	50365
481	394	46531
481	395	42291
481	396	38918
481	397	36138
481	398	33944
481	399	31038
481	400	30313
481	401	26968
481	402	23574
481	403	20904
481	404	17675
481	405	16053
481	406	14315
481	407	13064
481	408	11821
481	409	9700
481	410	8514
481	411	6997
481	412	6232
481	413	5316
481	414	4167
481	415	3317
481	416	2791
481	417	2492
481	418	2262
481	419	1798
481	420	1483
481	421	948
481	422	874
481	423	937
481	424	896
481	425	790
481	426	489
481	427	468
481	428	459
481	429	421
481	430	494
481	431	369
481	432	254
481	433	203
481	434	165
481	435	133
481	436	85
481	437	91
481	438	115
481	439	168
481	440	181
481	441	138
481	442	139
481	443	72
481	444	50
481	445	35
481	446	41
481	447	41
481	448	37
481	449	24
481	450	25
481	451	27
481	452	21
481	453	24
481	454	29
481	455	24
481	456	23
481	457	18
481	458	21
481	459	21
481	460	22
481	461	27
481	462	19
481	463	21
481	464	9
481	465	9
481	466	9
481	467	9
481	468	7
481	469	4
481	470	1
481	471	1
481	472	0
481	473	0
481	474	0
481	475	0
481	476	0
481	477	0
481	478	0
481	479	0
481	480	0
481	481	0
