length	num_GC	number_of_fragments
485	0	1240
485	1	1264
485	2	1385
485	3	2577
485	4	2678
485	5	4284
485	6	3642
485	7	2940
485	8	3106
485	9	3367
485	10	4669
485	11	4695
485	12	4980
485	13	5416
485	14	5114
485	15	5900
485	16	4900
485	17	5321
485	18	6016
485	19	6986
485	20	7567
485	21	7259
485	22	7961
485	23	8843
485	24	8314
485	25	8774
485	26	8640
485	27	7582
485	28	7694
485	29	8269
485	30	8134
485	31	8576
485	32	8337
485	33	8598
485	34	10205
485	35	10335
485	36	9873
485	37	10629
485	38	10773
485	39	10685
485	40	11208
485	41	11587
485	42	13036
485	43	13920
485	44	13783
485	45	14188
485	46	13559
485	47	13896
485	48	14317
485	49	15215
485	50	15795
485	51	15795
485	52	16160
485	53	16051
485	54	17747
485	55	18970
485	56	19175
485	57	19457
485	58	19171
485	59	19719
485	60	20231
485	61	20909
485	62	21396
485	63	21046
485	64	21745
485	65	21799
485	66	22054
485	67	23262
485	68	24587
485	69	24782
485	70	25682
485	71	25941
485	72	26693
485	73	27774
485	74	28630
485	75	30434
485	76	30997
485	77	31816
485	78	33498
485	79	34674
485	80	36801
485	81	38231
485	82	41186
485	83	42537
485	84	45154
485	85	48160
485	86	48974
485	87	51209
485	88	54404
485	89	58183
485	90	60962
485	91	65486
485	92	70378
485	93	78386
485	94	84216
485	95	92029
485	96	101051
485	97	111338
485	98	126255
485	99	142878
485	100	161337
485	101	180735
485	102	206993
485	103	236435
485	104	270258
485	105	312299
485	106	358124
485	107	413557
485	108	478824
485	109	547412
485	110	625344
485	111	717889
485	112	823293
485	113	945539
485	114	1082333
485	115	1228957
485	116	1395162
485	117	1581765
485	118	1782634
485	119	2002562
485	120	2242076
485	121	2500545
485	122	2783701
485	123	3084954
485	124	3416060
485	125	3773871
485	126	4151093
485	127	4541607
485	128	4970956
485	129	5409958
485	130	5880730
485	131	6375214
485	132	6882996
485	133	7416269
485	134	7971828
485	135	8524727
485	136	9105096
485	137	9718618
485	138	10327067
485	139	10958211
485	140	11615556
485	141	12259722
485	142	12922489
485	143	13600981
485	144	14263397
485	145	14927416
485	146	15618741
485	147	16299039
485	148	16963521
485	149	17631425
485	150	18277120
485	151	18938683
485	152	19605810
485	153	20261264
485	154	20902455
485	155	21527982
485	156	22176461
485	157	22774532
485	158	23385399
485	159	23937497
485	160	24489969
485	161	25038046
485	162	25540869
485	163	26026544
485	164	26498728
485	165	26964811
485	166	27400747
485	167	27814736
485	168	28205379
485	169	28570329
485	170	28939703
485	171	29226599
485	172	29466097
485	173	29754248
485	174	30005218
485	175	30225530
485	176	30416486
485	177	30569876
485	178	30706598
485	179	30851977
485	180	30969504
485	181	31021371
485	182	31077657
485	183	31137323
485	184	31201506
485	185	31243240
485	186	31242691
485	187	31255046
485	188	31274554
485	189	31235177
485	190	31249012
485	191	31210302
485	192	31180862
485	193	31156549
485	194	31103574
485	195	31003846
485	196	30938723
485	197	30865688
485	198	30807715
485	199	30756304
485	200	30699516
485	201	30590290
485	202	30487205
485	203	30364741
485	204	30250991
485	205	30107793
485	206	29970017
485	207	29817639
485	208	29628807
485	209	29439514
485	210	29239357
485	211	29016885
485	212	28775299
485	213	28504828
485	214	28199876
485	215	27859857
485	216	27522580
485	217	27166097
485	218	26796077
485	219	26434839
485	220	26018296
485	221	25583985
485	222	25130152
485	223	24682209
485	224	24209645
485	225	23724232
485	226	23279085
485	227	22802488
485	228	22310927
485	229	21811523
485	230	21318430
485	231	20812379
485	232	20315686
485	233	19843550
485	234	19336052
485	235	18813531
485	236	18324568
485	237	17855586
485	238	17369142
485	239	16895390
485	240	16406544
485	241	15923357
485	242	15425013
485	243	14944878
485	244	14459731
485	245	13981189
485	246	13525416
485	247	13065440
485	248	12613694
485	249	12184522
485	250	11755010
485	251	11323980
485	252	10891685
485	253	10492198
485	254	10088157
485	255	9699520
485	256	9325003
485	257	8969745
485	258	8619588
485	259	8296111
485	260	7978701
485	261	7683184
485	262	7407698
485	263	7131078
485	264	6872655
485	265	6638145
485	266	6410688
485	267	6200515
485	268	5979334
485	269	5790611
485	270	5605467
485	271	5432383
485	272	5263964
485	273	5103751
485	274	4948478
485	275	4806877
485	276	4675011
485	277	4533944
485	278	4406049
485	279	4280476
485	280	4162713
485	281	4054751
485	282	3935295
485	283	3830145
485	284	3728878
485	285	3629218
485	286	3537957
485	287	3443605
485	288	3357254
485	289	3271699
485	290	3183379
485	291	3097326
485	292	3012013
485	293	2921299
485	294	2823488
485	295	2742223
485	296	2664174
485	297	2590292
485	298	2507608
485	299	2432393
485	300	2360815
485	301	2281351
485	302	2205475
485	303	2133792
485	304	2058825
485	305	1981742
485	306	1911656
485	307	1839581
485	308	1770224
485	309	1704376
485	310	1642639
485	311	1583408
485	312	1524517
485	313	1460734
485	314	1402366
485	315	1342736
485	316	1283059
485	317	1226336
485	318	1174825
485	319	1128006
485	320	1075047
485	321	1032493
485	322	981529
485	323	936480
485	324	895987
485	325	860624
485	326	820737
485	327	784414
485	328	749194
485	329	717261
485	330	684160
485	331	648712
485	332	616788
485	333	589075
485	334	566866
485	335	544853
485	336	526189
485	337	510080
485	338	491625
485	339	469222
485	340	451777
485	341	435301
485	342	419674
485	343	401275
485	344	390084
485	345	382423
485	346	374067
485	347	362952
485	348	353054
485	349	342977
485	350	336544
485	351	333704
485	352	323725
485	353	314852
485	354	303258
485	355	297651
485	356	288404
485	357	279078
485	358	271909
485	359	263558
485	360	261230
485	361	256631
485	362	253736
485	363	247066
485	364	239104
485	365	231214
485	366	226993
485	367	223119
485	368	216095
485	369	210738
485	370	205572
485	371	198375
485	372	196171
485	373	189163
485	374	178975
485	375	172296
485	376	167033
485	377	160788
485	378	155646
485	379	146685
485	380	139636
485	381	134787
485	382	128001
485	383	123799
485	384	118979
485	385	112170
485	386	107066
485	387	102500
485	388	96641
485	389	90636
485	390	82601
485	391	77527
485	392	71652
485	393	64408
485	394	59701
485	395	56164
485	396	51348
485	397	46602
485	398	43198
485	399	38854
485	400	36646
485	401	34483
485	402	31534
485	403	29506
485	404	27770
485	405	24425
485	406	21290
485	407	18848
485	408	15944
485	409	14710
485	410	13374
485	411	11948
485	412	10710
485	413	8550
485	414	7516
485	415	6269
485	416	5714
485	417	4614
485	418	3488
485	419	2943
485	420	2584
485	421	2355
485	422	1906
485	423	1567
485	424	1276
485	425	819
485	426	929
485	427	995
485	428	759
485	429	779
485	430	456
485	431	471
485	432	522
485	433	474
485	434	443
485	435	300
485	436	231
485	437	225
485	438	179
485	439	99
485	440	113
485	441	136
485	442	177
485	443	197
485	444	157
485	445	145
485	446	100
485	447	82
485	448	59
485	449	37
485	450	67
485	451	51
485	452	50
485	453	38
485	454	52
485	455	49
485	456	41
485	457	35
485	458	51
485	459	46
485	460	27
485	461	45
485	462	23
485	463	33
485	464	31
485	465	56
485	466	21
485	467	20
485	468	15
485	469	32
485	470	17
485	471	14
485	472	8
485	473	9
485	474	8
485	475	11
485	476	14
485	477	6
485	478	6
485	479	1
485	480	4
485	481	1
485	482	0
485	483	0
485	484	0
485	485	0
