length	num_GC	number_of_fragments
384	0	2005
384	1	2340
384	2	3366
384	3	4924
384	4	5026
384	5	5592
384	6	4595
384	7	4920
384	8	5269
384	9	5484
384	10	6701
384	11	8122
384	12	8594
384	13	8226
384	14	7577
384	15	8447
384	16	8754
384	17	10687
384	18	11282
384	19	11305
384	20	10237
384	21	10380
384	22	10732
384	23	10689
384	24	10780
384	25	10971
384	26	11957
384	27	12325
384	28	12880
384	29	13115
384	30	13790
384	31	14550
384	32	14898
384	33	15509
384	34	15755
384	35	16664
384	36	17692
384	37	18642
384	38	19144
384	39	19684
384	40	19689
384	41	20608
384	42	21518
384	43	22743
384	44	24028
384	45	24010
384	46	23888
384	47	24286
384	48	24739
384	49	26760
384	50	27689
384	51	28781
384	52	29529
384	53	31838
384	54	33603
384	55	34511
384	56	35417
384	57	36640
384	58	39468
384	59	40794
384	60	42236
384	61	43914
384	62	45993
384	63	49841
384	64	54433
384	65	57848
384	66	62088
384	67	67634
384	68	73569
384	69	79939
384	70	87715
384	71	98354
384	72	109025
384	73	123713
384	74	140315
384	75	162292
384	76	186652
384	77	216442
384	78	255028
384	79	301604
384	80	351844
384	81	413017
384	82	484283
384	83	573254
384	84	675663
384	85	800104
384	86	937335
384	87	1105547
384	88	1291609
384	89	1504962
384	90	1746486
384	91	2013739
384	92	2310754
384	93	2654328
384	94	3031627
384	95	3446095
384	96	3891497
384	97	4369786
384	98	4895816
384	99	5459918
384	100	6054589
384	101	6676969
384	102	7340783
384	103	8051945
384	104	8778733
384	105	9538666
384	106	10333090
384	107	11155032
384	108	11989277
384	109	12838691
384	110	13689471
384	111	14558703
384	112	15457679
384	113	16346842
384	114	17264922
384	115	18144228
384	116	19019442
384	117	19932391
384	118	20812495
384	119	21700652
384	120	22542069
384	121	23361378
384	122	24154653
384	123	24908502
384	124	25657923
384	125	26395724
384	126	27086635
384	127	27741812
384	128	28382082
384	129	29004519
384	130	29571712
384	131	30106027
384	132	30581878
384	133	31052178
384	134	31484719
384	135	31862627
384	136	32187095
384	137	32449402
384	138	32709805
384	139	32927319
384	140	33130362
384	141	33260900
384	142	33392094
384	143	33463058
384	144	33498910
384	145	33506499
384	146	33500190
384	147	33436586
384	148	33362152
384	149	33282316
384	150	33132949
384	151	32972599
384	152	32830680
384	153	32641563
384	154	32405095
384	155	32190509
384	156	31964778
384	157	31705607
384	158	31397080
384	159	31143335
384	160	30871881
384	161	30597539
384	162	30330328
384	163	30046274
384	164	29743448
384	165	29417486
384	166	29124353
384	167	28844405
384	168	28541200
384	169	28285759
384	170	27980894
384	171	27695507
384	172	27394859
384	173	27097289
384	174	26782169
384	175	26460391
384	176	26129580
384	177	25739677
384	178	25358346
384	179	24968349
384	180	24557734
384	181	24088888
384	182	23611140
384	183	23100723
384	184	22562355
384	185	21980309
384	186	21410648
384	187	20810072
384	188	20206954
384	189	19575744
384	190	18916216
384	191	18252931
384	192	17602167
384	193	16933642
384	194	16268609
384	195	15617423
384	196	14990859
384	197	14350070
384	198	13727089
384	199	13109975
384	200	12515576
384	201	11955445
384	202	11405160
384	203	10883657
384	204	10362015
384	205	9880096
384	206	9418437
384	207	8983511
384	208	8575772
384	209	8176811
384	210	7809147
384	211	7465735
384	212	7146412
384	213	6859488
384	214	6587748
384	215	6317001
384	216	6078246
384	217	5839570
384	218	5615378
384	219	5410427
384	220	5228109
384	221	5045315
384	222	4881287
384	223	4717177
384	224	4553180
384	225	4406890
384	226	4260662
384	227	4120304
384	228	3984307
384	229	3860574
384	230	3744252
384	231	3621557
384	232	3494412
384	233	3372458
384	234	3249426
384	235	3134369
384	236	3022541
384	237	2921740
384	238	2814814
384	239	2702686
384	240	2586088
384	241	2481557
384	242	2373656
384	243	2275871
384	244	2176149
384	245	2075067
384	246	1971059
384	247	1874730
384	248	1782453
384	249	1693757
384	250	1607334
384	251	1521714
384	252	1440497
384	253	1361916
384	254	1289445
384	255	1211547
384	256	1144246
384	257	1083776
384	258	1017486
384	259	962474
384	260	910181
384	261	858078
384	262	806985
384	263	761118
384	264	716345
384	265	675253
384	266	640555
384	267	613291
384	268	585352
384	269	562596
384	270	536301
384	271	509059
384	272	483653
384	273	463686
384	274	448517
384	275	430558
384	276	412811
384	277	401011
384	278	389949
384	279	378700
384	280	368558
384	281	357854
384	282	348329
384	283	337461
384	284	327641
384	285	316755
384	286	310571
384	287	304207
384	288	294435
384	289	283685
384	290	278877
384	291	268762
384	292	259069
384	293	248317
384	294	243097
384	295	230657
384	296	225241
384	297	217057
384	298	205485
384	299	196168
384	300	189292
384	301	178546
384	302	170985
384	303	162470
384	304	151833
384	305	144912
384	306	138419
384	307	130352
384	308	119849
384	309	108911
384	310	102458
384	311	94641
384	312	87918
384	313	78225
384	314	70110
384	315	62565
384	316	56586
384	317	53622
384	318	47902
384	319	43689
384	320	38961
384	321	34105
384	322	30655
384	323	26863
384	324	23486
384	325	20066
384	326	17482
384	327	15699
384	328	12909
384	329	10069
384	330	8548
384	331	7584
384	332	6575
384	333	5805
384	334	4539
384	335	3791
384	336	3110
384	337	2506
384	338	2075
384	339	1532
384	340	1364
384	341	1127
384	342	913
384	343	692
384	344	462
384	345	380
384	346	420
384	347	400
384	348	291
384	349	222
384	350	222
384	351	93
384	352	95
384	353	50
384	354	56
384	355	52
384	356	51
384	357	84
384	358	55
384	359	64
384	360	75
384	361	88
384	362	69
384	363	80
384	364	66
384	365	55
384	366	30
384	367	13
384	368	12
384	369	34
384	370	15
384	371	14
384	372	13
384	373	3
384	374	10
384	375	2
384	376	0
384	377	0
384	378	0
384	379	0
384	380	0
384	381	0
384	382	0
384	383	0
384	384	0
