length	num_GC	number_of_fragments
454	0	1358
454	1	1503
454	2	1790
454	3	3367
454	4	3566
454	5	4843
454	6	3727
454	7	2948
454	8	4030
454	9	3924
454	10	4915
454	11	5420
454	12	5947
454	13	6721
454	14	6484
454	15	5826
454	16	5699
454	17	6128
454	18	7663
454	19	8605
454	20	9030
454	21	8847
454	22	8561
454	23	9048
454	24	9158
454	25	8466
454	26	8671
454	27	8490
454	28	8875
454	29	9284
454	30	10034
454	31	9315
454	32	10187
454	33	11742
454	34	11311
454	35	11399
454	36	12220
454	37	12343
454	38	12494
454	39	13587
454	40	13992
454	41	14776
454	42	14824
454	43	14854
454	44	15160
454	45	15774
454	46	15705
454	47	16441
454	48	17014
454	49	17150
454	50	18006
454	51	18953
454	52	20239
454	53	20204
454	54	20484
454	55	19874
454	56	21664
454	57	22019
454	58	21931
454	59	23182
454	60	23808
454	61	23469
454	62	24466
454	63	25412
454	64	26133
454	65	26930
454	66	27484
454	67	28487
454	68	30664
454	69	31929
454	70	32907
454	71	35311
454	72	35874
454	73	37441
454	74	38617
454	75	40382
454	76	42378
454	77	46071
454	78	47246
454	79	48446
454	80	52080
454	81	55328
454	82	59925
454	83	63941
454	84	69696
454	85	73758
454	86	79856
454	87	87243
454	88	97319
454	89	107878
454	90	121045
454	91	137688
454	92	157607
454	93	177986
454	94	203077
454	95	231468
454	96	266137
454	97	309101
454	98	358425
454	99	414261
454	100	481184
454	101	557606
454	102	645501
454	103	744356
454	104	860224
454	105	995424
454	106	1144797
454	107	1304222
454	108	1491400
454	109	1695358
454	110	1925832
454	111	2174655
454	112	2442867
454	113	2729305
454	114	3053474
454	115	3405425
454	116	3778250
454	117	4189221
454	118	4636508
454	119	5092387
454	120	5570468
454	121	6067894
454	122	6591701
454	123	7142198
454	124	7743251
454	125	8335809
454	126	8939027
454	127	9577629
454	128	10238170
454	129	10923191
454	130	11624027
454	131	12340456
454	132	13062228
454	133	13768673
454	134	14476980
454	135	15188399
454	136	15914326
454	137	16650165
454	138	17404280
454	139	18135932
454	140	18847564
454	141	19552871
454	142	20272610
454	143	20957980
454	144	21624686
454	145	22325992
454	146	22968828
454	147	23624245
454	148	24244116
454	149	24862454
454	150	25454944
454	151	26011280
454	152	26533767
454	153	27030837
454	154	27550523
454	155	28019753
454	156	28426306
454	157	28827426
454	158	29247698
454	159	29596497
454	160	29922589
454	161	30212142
454	162	30460875
454	163	30715584
454	164	30950571
454	165	31144413
454	166	31306217
454	167	31452746
454	168	31543979
454	169	31625709
454	170	31655263
454	171	31702402
454	172	31722659
454	173	31725825
454	174	31678624
454	175	31713511
454	176	31725182
454	177	31687047
454	178	31616283
454	179	31516475
454	180	31428079
454	181	31322458
454	182	31211046
454	183	31105557
454	184	30981550
454	185	30861098
454	186	30759018
454	187	30664902
454	188	30569284
454	189	30436630
454	190	30311233
454	191	30136562
454	192	29994672
454	193	29856832
454	194	29719001
454	195	29557291
454	196	29378531
454	197	29178344
454	198	28967202
454	199	28711813
454	200	28434483
454	201	28157732
454	202	27857221
454	203	27569916
454	204	27250051
454	205	26870657
454	206	26476446
454	207	26043539
454	208	25622861
454	209	25163735
454	210	24670117
454	211	24157609
454	212	23669304
454	213	23154942
454	214	22669212
454	215	22159314
454	216	21630928
454	217	21075909
454	218	20545536
454	219	19986081
454	220	19459903
454	221	18936457
454	222	18398065
454	223	17856796
454	224	17320127
454	225	16816336
454	226	16302174
454	227	15770615
454	228	15245612
454	229	14748355
454	230	14222630
454	231	13721355
454	232	13228271
454	233	12740351
454	234	12252543
454	235	11790942
454	236	11336175
454	237	10892351
454	238	10462182
454	239	10019609
454	240	9602572
454	241	9215868
454	242	8837141
454	243	8494564
454	244	8162200
454	245	7831605
454	246	7504424
454	247	7221974
454	248	6951765
454	249	6696443
454	250	6457308
454	251	6239939
454	252	6019252
454	253	5816296
454	254	5620165
454	255	5433101
454	256	5257560
454	257	5091093
454	258	4940241
454	259	4788160
454	260	4634276
454	261	4496109
454	262	4369356
454	263	4238217
454	264	4109249
454	265	3992034
454	266	3886553
454	267	3777299
454	268	3684281
454	269	3577897
454	270	3483597
454	271	3385364
454	272	3284731
454	273	3183058
454	274	3084007
454	275	2995479
454	276	2913569
454	277	2819962
454	278	2722040
454	279	2637823
454	280	2554913
454	281	2469458
454	282	2388517
454	283	2300999
454	284	2216520
454	285	2138620
454	286	2056339
454	287	1976692
454	288	1902140
454	289	1828474
454	290	1758174
454	291	1685228
454	292	1617949
454	293	1550267
454	294	1474291
454	295	1404722
454	296	1340357
454	297	1283903
454	298	1236366
454	299	1178749
454	300	1114648
454	301	1056150
454	302	1009502
454	303	966865
454	304	919422
454	305	878686
454	306	841161
454	307	795854
454	308	751729
454	309	719093
454	310	679998
454	311	647952
454	312	615309
454	313	588356
454	314	568648
454	315	547407
454	316	526669
454	317	504354
454	318	484637
454	319	466472
454	320	445688
454	321	429601
454	322	416011
454	323	399831
454	324	389160
454	325	376779
454	326	367387
454	327	360960
454	328	350282
454	329	341614
454	330	334301
454	331	324579
454	332	315615
454	333	303929
454	334	296239
454	335	286606
454	336	283361
454	337	280012
454	338	274184
454	339	264150
454	340	257151
454	341	252708
454	342	243284
454	343	239018
454	344	233243
454	345	226367
454	346	221590
454	347	214616
454	348	208036
454	349	201139
454	350	191474
454	351	183517
454	352	175422
454	353	169659
454	354	164116
454	355	155490
454	356	149908
454	357	141722
454	358	137323
454	359	131591
454	360	125567
454	361	119434
454	362	112149
454	363	105631
454	364	99367
454	365	92688
454	366	84524
454	367	79027
454	368	73759
454	369	66511
454	370	60360
454	371	55599
454	372	49804
454	373	44624
454	374	40986
454	375	37542
454	376	36204
454	377	33996
454	378	31672
454	379	28647
454	380	25137
454	381	21490
454	382	19158
454	383	16633
454	384	15029
454	385	12862
454	386	11741
454	387	9714
454	388	8377
454	389	7159
454	390	5707
454	391	4967
454	392	4337
454	393	3550
454	394	3136
454	395	2427
454	396	1892
454	397	1406
454	398	1339
454	399	1288
454	400	1051
454	401	812
454	402	527
454	403	484
454	404	538
454	405	461
454	406	454
454	407	387
454	408	400
454	409	288
454	410	246
454	411	131
454	412	72
454	413	89
454	414	80
454	415	70
454	416	85
454	417	107
454	418	198
454	419	169
454	420	160
454	421	91
454	422	57
454	423	38
454	424	52
454	425	40
454	426	38
454	427	53
454	428	51
454	429	38
454	430	34
454	431	27
454	432	23
454	433	32
454	434	50
454	435	18
454	436	22
454	437	8
454	438	24
454	439	17
454	440	10
454	441	11
454	442	10
454	443	3
454	444	10
454	445	2
454	446	0
454	447	0
454	448	0
454	449	0
454	450	0
454	451	0
454	452	0
454	453	0
454	454	0
