length	num_GC	number_of_fragments
413	0	1681
413	1	1920
413	2	2640
413	3	4340
413	4	4502
413	5	5186
413	6	3784
413	7	4127
413	8	4841
413	9	5096
413	10	5796
413	11	6781
413	12	7548
413	13	7262
413	14	7076
413	15	6878
413	16	7094
413	17	8630
413	18	10156
413	19	10321
413	20	9909
413	21	9501
413	22	9733
413	23	9517
413	24	9739
413	25	10068
413	26	10509
413	27	10687
413	28	10944
413	29	11057
413	30	12316
413	31	12305
413	32	12691
413	33	13858
413	34	13094
413	35	14218
413	36	14584
413	37	15143
413	38	15470
413	39	16539
413	40	16453
413	41	17566
413	42	18573
413	43	18164
413	44	18866
413	45	19414
413	46	20583
413	47	21865
413	48	22633
413	49	21813
413	50	22229
413	51	23277
413	52	23557
413	53	24293
413	54	25214
413	55	26579
413	56	27913
413	57	27490
413	58	29944
413	59	31418
413	60	31514
413	61	32549
413	62	35386
413	63	37452
413	64	38912
413	65	39727
413	66	41537
413	67	43106
413	68	45879
413	69	49012
413	70	50698
413	71	53206
413	72	57088
413	73	61859
413	74	67680
413	75	73820
413	76	80533
413	77	87998
413	78	97221
413	79	109535
413	80	122617
413	81	139418
413	82	158592
413	83	182052
413	84	210250
413	85	244438
413	86	283764
413	87	329689
413	88	388544
413	89	455797
413	90	531348
413	91	619902
413	92	727513
413	93	846080
413	94	988563
413	95	1145897
413	96	1326324
413	97	1537674
413	98	1770981
413	99	2013489
413	100	2292321
413	101	2605674
413	102	2947990
413	103	3331609
413	104	3738887
413	105	4169018
413	106	4648634
413	107	5160958
413	108	5694495
413	109	6255832
413	110	6849808
413	111	7475830
413	112	8118788
413	113	8803681
413	114	9500218
413	115	10242393
413	116	10977331
413	117	11747893
413	118	12524033
413	119	13330839
413	120	14134236
413	121	14948917
413	122	15763901
413	123	16580947
413	124	17392505
413	125	18202329
413	126	19025952
413	127	19828289
413	128	20637244
413	129	21424224
413	130	22174625
413	131	22943051
413	132	23680656
413	133	24411437
413	134	25104144
413	135	25752105
413	136	26382510
413	137	26995937
413	138	27577321
413	139	28133116
413	140	28680012
413	141	29153461
413	142	29640984
413	143	30111042
413	144	30514677
413	145	30873719
413	146	31181119
413	147	31461392
413	148	31712115
413	149	31955168
413	150	32155716
413	151	32341016
413	152	32467969
413	153	32577279
413	154	32621760
413	155	32635620
413	156	32668091
413	157	32695123
413	158	32658811
413	159	32612997
413	160	32528491
413	161	32431752
413	162	32326280
413	163	32201010
413	164	32067305
413	165	31914687
413	166	31725858
413	167	31503289
413	168	31319789
413	169	31107161
413	170	30903482
413	171	30712414
413	172	30524143
413	173	30325931
413	174	30105633
413	175	29916701
413	176	29687568
413	177	29452938
413	178	29248474
413	179	29034007
413	180	28833902
413	181	28593767
413	182	28363990
413	183	28084374
413	184	27806679
413	185	27555693
413	186	27267012
413	187	26936294
413	188	26607264
413	189	26207122
413	190	25801747
413	191	25358705
413	192	24927356
413	193	24481909
413	194	23978647
413	195	23456703
413	196	22906025
413	197	22366101
413	198	21787759
413	199	21211736
413	200	20604663
413	201	20025124
413	202	19426053
413	203	18812463
413	204	18207249
413	205	17620788
413	206	17029114
413	207	16439404
413	208	15838654
413	209	15244989
413	210	14656222
413	211	14080502
413	212	13503207
413	213	12964679
413	214	12424086
413	215	11903465
413	216	11380931
413	217	10887074
413	218	10421310
413	219	9986246
413	220	9550109
413	221	9123509
413	222	8729963
413	223	8338817
413	224	7988405
413	225	7660618
413	226	7335501
413	227	7049633
413	228	6780756
413	229	6511995
413	230	6270939
413	231	6032409
413	232	5812093
413	233	5598280
413	234	5409363
413	235	5216643
413	236	5055022
413	237	4895351
413	238	4729894
413	239	4577590
413	240	4439287
413	241	4300433
413	242	4162913
413	243	4043172
413	244	3908249
413	245	3788644
413	246	3673488
413	247	3563063
413	248	3465685
413	249	3355969
413	250	3251106
413	251	3147072
413	252	3036555
413	253	2939430
413	254	2832354
413	255	2726584
413	256	2633355
413	257	2538034
413	258	2442421
413	259	2339644
413	260	2244771
413	261	2155905
413	262	2069383
413	263	1984195
413	264	1896258
413	265	1814110
413	266	1726525
413	267	1648294
413	268	1567347
413	269	1488456
413	270	1413374
413	271	1350289
413	272	1276748
413	273	1212203
413	274	1146264
413	275	1085470
413	276	1029517
413	277	977387
413	278	930603
413	279	882758
413	280	834349
413	281	784528
413	282	741254
413	283	702983
413	284	666688
413	285	634087
413	286	606228
413	287	578526
413	288	555492
413	289	531810
413	290	508432
413	291	487860
413	292	469613
413	293	451284
413	294	431834
413	295	415324
413	296	401351
413	297	387861
413	298	376645
413	299	369367
413	300	355862
413	301	348268
413	302	342493
413	303	331840
413	304	322923
413	305	310264
413	306	304141
413	307	295172
413	308	289146
413	309	284511
413	310	274571
413	311	267480
413	312	259363
413	313	251861
413	314	245135
413	315	238408
413	316	230314
413	317	218462
413	318	211768
413	319	203728
413	320	194445
413	321	190320
413	322	182672
413	323	171447
413	324	163933
413	325	154828
413	326	149329
413	327	144357
413	328	134755
413	329	126538
413	330	118337
413	331	111950
413	332	104858
413	333	97129
413	334	89775
413	335	81607
413	336	75300
413	337	68962
413	338	61873
413	339	54941
413	340	49902
413	341	46261
413	342	42203
413	343	37914
413	344	35338
413	345	31853
413	346	27989
413	347	24756
413	348	21623
413	349	19375
413	350	16825
413	351	13553
413	352	12454
413	353	9915
413	354	8837
413	355	7857
413	356	6589
413	357	5318
413	358	4537
413	359	3765
413	360	3252
413	361	2831
413	362	2286
413	363	1374
413	364	1240
413	365	973
413	366	740
413	367	741
413	368	701
413	369	608
413	370	535
413	371	289
413	372	534
413	373	404
413	374	220
413	375	106
413	376	84
413	377	108
413	378	107
413	379	85
413	380	62
413	381	78
413	382	71
413	383	88
413	384	121
413	385	134
413	386	143
413	387	86
413	388	70
413	389	72
413	390	50
413	391	27
413	392	48
413	393	49
413	394	35
413	395	30
413	396	20
413	397	32
413	398	12
413	399	13
413	400	15
413	401	13
413	402	4
413	403	12
413	404	7
413	405	0
413	406	0
413	407	0
413	408	0
413	409	0
413	410	0
413	411	0
413	412	0
413	413	0
