length	num_GC	number_of_fragments
391	0	1913
391	1	2243
391	2	3170
391	3	4840
391	4	4895
391	5	5481
391	6	4369
391	7	4874
391	8	5110
391	9	5371
391	10	6455
391	11	7775
391	12	8330
391	13	8024
391	14	7451
391	15	7894
391	16	8423
391	17	10033
391	18	11125
391	19	10960
391	20	10708
391	21	9934
391	22	10556
391	23	10582
391	24	10432
391	25	10825
391	26	11148
391	27	11752
391	28	12709
391	29	12886
391	30	12999
391	31	13955
391	32	14620
391	33	14828
391	34	15310
391	35	15700
391	36	16482
391	37	17651
391	38	18052
391	39	19208
391	40	19870
391	41	19616
391	42	20217
391	43	20876
391	44	23028
391	45	23253
391	46	23582
391	47	23292
391	48	23821
391	49	25031
391	50	25882
391	51	27881
391	52	28122
391	53	29015
391	54	30684
391	55	32095
391	56	33798
391	57	34676
391	58	36329
391	59	38855
391	60	40186
391	61	41790
391	62	42343
391	63	43695
391	64	47622
391	65	52577
391	66	55619
391	67	58891
391	68	63934
391	69	69671
391	70	75097
391	71	81515
391	72	90291
391	73	102089
391	74	113053
391	75	129603
391	76	146731
391	77	167916
391	78	193385
391	79	225408
391	80	265229
391	81	312637
391	82	364155
391	83	428669
391	84	503388
391	85	589744
391	86	695855
391	87	821518
391	88	962833
391	89	1125738
391	90	1321415
391	91	1528015
391	92	1769861
391	93	2030304
391	94	2334579
391	95	2663098
391	96	3043779
391	97	3443854
391	98	3883961
391	99	4360480
391	100	4875259
391	101	5421367
391	102	6006144
391	103	6610515
391	104	7267289
391	105	7946416
391	106	8662350
391	107	9412076
391	108	10174985
391	109	10971459
391	110	11790940
391	111	12620638
391	112	13447152
391	113	14309501
391	114	15170605
391	115	16059606
391	116	16934663
391	117	17801387
391	118	18677882
391	119	19542802
391	120	20409045
391	121	21277477
391	122	22129802
391	123	22947930
391	124	23709247
391	125	24473756
391	126	25222063
391	127	25915748
391	128	26625061
391	129	27288320
391	130	27934086
391	131	28553390
391	132	29124652
391	133	29648891
391	134	30137431
391	135	30618385
391	136	31085582
391	137	31464936
391	138	31794071
391	139	32086587
391	140	32361406
391	141	32610326
391	142	32792724
391	143	32960997
391	144	33126310
391	145	33219368
391	146	33255271
391	147	33265022
391	148	33305615
391	149	33283987
391	150	33225886
391	151	33131743
391	152	33050498
391	153	32920029
391	154	32764113
391	155	32589179
391	156	32406178
391	157	32212882
391	158	31975941
391	159	31755929
391	160	31519296
391	161	31242551
391	162	30986696
391	163	30718585
391	164	30480913
391	165	30210481
391	166	29976251
391	167	29685261
391	168	29379366
391	169	29112127
391	170	28842224
391	171	28576964
391	172	28320359
391	173	28038198
391	174	27754951
391	175	27469015
391	176	27196654
391	177	26893012
391	178	26557096
391	179	26223144
391	180	25843911
391	181	25451459
391	182	25037696
391	183	24626959
391	184	24163184
391	185	23679458
391	186	23159442
391	187	22617742
391	188	22024020
391	189	21434651
391	190	20857219
391	191	20253761
391	192	19630886
391	193	18985104
391	194	18331559
391	195	17676171
391	196	17053139
391	197	16411710
391	198	15759482
391	199	15130868
391	200	14518899
391	201	13898807
391	202	13300543
391	203	12706050
391	204	12128651
391	205	11598202
391	206	11075489
391	207	10561112
391	208	10086843
391	209	9615467
391	210	9180628
391	211	8763174
391	212	8362538
391	213	7995238
391	214	7639862
391	215	7317198
391	216	7011438
391	217	6726575
391	218	6467853
391	219	6213365
391	220	5968896
391	221	5750706
391	222	5535274
391	223	5342701
391	224	5155890
391	225	4976820
391	226	4818590
391	227	4661551
391	228	4514323
391	229	4365022
391	230	4210656
391	231	4075060
391	232	3950592
391	233	3824561
391	234	3708453
391	235	3596328
391	236	3473301
391	237	3349505
391	238	3236933
391	239	3123736
391	240	3013170
391	241	2907017
391	242	2800703
391	243	2699316
391	244	2589103
391	245	2481762
391	246	2374131
391	247	2276224
391	248	2185121
391	249	2082472
391	250	1986349
391	251	1892394
391	252	1800969
391	253	1709977
391	254	1626237
391	255	1541131
391	256	1463329
391	257	1387738
391	258	1310300
391	259	1239113
391	260	1164511
391	261	1103362
391	262	1045181
391	263	987468
391	264	931415
391	265	879801
391	266	829822
391	267	785657
391	268	737451
391	269	696132
391	270	656111
391	271	628913
391	272	599052
391	273	574536
391	274	550257
391	275	524657
391	276	498994
391	277	476390
391	278	459338
391	279	440011
391	280	424102
391	281	409349
391	282	392926
391	283	384191
391	284	374916
391	285	363557
391	286	354468
391	287	345782
391	288	335334
391	289	324855
391	290	312997
391	291	307258
391	292	301982
391	293	292122
391	294	282134
391	295	273965
391	296	267283
391	297	259362
391	298	249792
391	299	241520
391	300	232421
391	301	221604
391	302	215795
391	303	208005
391	304	196642
391	305	188971
391	306	180387
391	307	171813
391	308	162804
391	309	155857
391	310	145868
391	311	139466
391	312	130959
391	313	123481
391	314	114100
391	315	104422
391	316	97590
391	317	90516
391	318	81809
391	319	74692
391	320	66066
391	321	59826
391	322	53885
391	323	49997
391	324	46512
391	325	41541
391	326	36736
391	327	32603
391	328	29129
391	329	25479
391	330	22742
391	331	19336
391	332	16377
391	333	14869
391	334	12249
391	335	9821
391	336	8237
391	337	7383
391	338	6388
391	339	5315
391	340	4740
391	341	3525
391	342	2881
391	343	2593
391	344	1949
391	345	1576
391	346	1159
391	347	1023
391	348	904
391	349	647
391	350	445
391	351	377
391	352	432
391	353	401
391	354	361
391	355	182
391	356	180
391	357	129
391	358	68
391	359	83
391	360	59
391	361	55
391	362	49
391	363	46
391	364	84
391	365	62
391	366	101
391	367	97
391	368	69
391	369	52
391	370	80
391	371	40
391	372	33
391	373	14
391	374	13
391	375	14
391	376	32
391	377	14
391	378	8
391	379	5
391	380	1
391	381	1
391	382	0
391	383	0
391	384	0
391	385	0
391	386	0
391	387	0
391	388	0
391	389	0
391	390	0
391	391	0
