length	num_GC	number_of_fragments
487	0	1232
487	1	1254
487	2	1404
487	3	2540
487	4	2649
487	5	4254
487	6	3677
487	7	2958
487	8	3139
487	9	3313
487	10	4637
487	11	4707
487	12	5037
487	13	5371
487	14	5027
487	15	5907
487	16	4937
487	17	5270
487	18	6047
487	19	6935
487	20	7481
487	21	7197
487	22	7816
487	23	8935
487	24	8281
487	25	8717
487	26	8757
487	27	7681
487	28	7524
487	29	8136
487	30	8241
487	31	8513
487	32	8355
487	33	8554
487	34	10008
487	35	10213
487	36	9999
487	37	10511
487	38	10607
487	39	10542
487	40	11140
487	41	11381
487	42	12859
487	43	13767
487	44	13618
487	45	14239
487	46	13448
487	47	13858
487	48	14019
487	49	14959
487	50	15757
487	51	15729
487	52	16011
487	53	15971
487	54	17156
487	55	18822
487	56	19298
487	57	19367
487	58	19136
487	59	19637
487	60	19844
487	61	20604
487	62	21323
487	63	20987
487	64	21532
487	65	21736
487	66	21959
487	67	22713
487	68	24116
487	69	24743
487	70	25101
487	71	25790
487	72	26299
487	73	27525
487	74	27983
487	75	29719
487	76	30885
487	77	31080
487	78	32864
487	79	33638
487	80	35956
487	81	37349
487	82	40131
487	83	41500
487	84	44119
487	85	47026
487	86	48366
487	87	50071
487	88	52802
487	89	56511
487	90	59118
487	91	63782
487	92	67282
487	93	74796
487	94	81260
487	95	87816
487	96	96325
487	97	106197
487	98	118355
487	99	134220
487	100	151592
487	101	170581
487	102	193661
487	103	219964
487	104	253444
487	105	290280
487	106	332269
487	107	383456
487	108	445289
487	109	509743
487	110	582443
487	111	667538
487	112	764334
487	113	877722
487	114	1008150
487	115	1145531
487	116	1301730
487	117	1478172
487	118	1668408
487	119	1877708
487	120	2105250
487	121	2349438
487	122	2618121
487	123	2908877
487	124	3224280
487	125	3562231
487	126	3930660
487	127	4301827
487	128	4716918
487	129	5139398
487	130	5596415
487	131	6072079
487	132	6571938
487	133	7086762
487	134	7624987
487	135	8178655
487	136	8738368
487	137	9328311
487	138	9940024
487	139	10551714
487	140	11189986
487	141	11835687
487	142	12487213
487	143	13156413
487	144	13827949
487	145	14479160
487	146	15154683
487	147	15842367
487	148	16507682
487	149	17176253
487	150	17829653
487	151	18468687
487	152	19148646
487	153	19797213
487	154	20439074
487	155	21083424
487	156	21716737
487	157	22324572
487	158	22954567
487	159	23532661
487	160	24080274
487	161	24626116
487	162	25155749
487	163	25646191
487	164	26139586
487	165	26608538
487	166	27062320
487	167	27473164
487	168	27893491
487	169	28278283
487	170	28640465
487	171	28987200
487	172	29255905
487	173	29501385
487	174	29791610
487	175	30036363
487	176	30235219
487	177	30421971
487	178	30560518
487	179	30707716
487	180	30846146
487	181	30944099
487	182	31004896
487	183	31062462
487	184	31116363
487	185	31187344
487	186	31221176
487	187	31225553
487	188	31235143
487	189	31236318
487	190	31230743
487	191	31217660
487	192	31182831
487	193	31170104
487	194	31143204
487	195	31081121
487	196	30985172
487	197	30929499
487	198	30850191
487	199	30801998
487	200	30753509
487	201	30682110
487	202	30581909
487	203	30473916
487	204	30363062
487	205	30229677
487	206	30072973
487	207	29952120
487	208	29787224
487	209	29606172
487	210	29408471
487	211	29203985
487	212	28982591
487	213	28736363
487	214	28452536
487	215	28136205
487	216	27800316
487	217	27463883
487	218	27093026
487	219	26741615
487	220	26356762
487	221	25948738
487	222	25509151
487	223	25055855
487	224	24606319
487	225	24131429
487	226	23668535
487	227	23198757
487	228	22730112
487	229	22247795
487	230	21743034
487	231	21250765
487	232	20757134
487	233	20262817
487	234	19772190
487	235	19277905
487	236	18766635
487	237	18271217
487	238	17811576
487	239	17322433
487	240	16852647
487	241	16374117
487	242	15883144
487	243	15392086
487	244	14900291
487	245	14428391
487	246	13960419
487	247	13495444
487	248	13041045
487	249	12588412
487	250	12158750
487	251	11740073
487	252	11309801
487	253	10877746
487	254	10478855
487	255	10077543
487	256	9692838
487	257	9322683
487	258	8963145
487	259	8618453
487	260	8296191
487	261	7978877
487	262	7681587
487	263	7412088
487	264	7131170
487	265	6880610
487	266	6639163
487	267	6416159
487	268	6205153
487	269	5990886
487	270	5790331
487	271	5610123
487	272	5435093
487	273	5272905
487	274	5111613
487	275	4954798
487	276	4812170
487	277	4677631
487	278	4545697
487	279	4409033
487	280	4288161
487	281	4172214
487	282	4058202
487	283	3944151
487	284	3838139
487	285	3736241
487	286	3633185
487	287	3545717
487	288	3450051
487	289	3361884
487	290	3280240
487	291	3189052
487	292	3106422
487	293	3022009
487	294	2930300
487	295	2837234
487	296	2748523
487	297	2673915
487	298	2597053
487	299	2519486
487	300	2439320
487	301	2373096
487	302	2291433
487	303	2216219
487	304	2142634
487	305	2071950
487	306	1993845
487	307	1923791
487	308	1853404
487	309	1783456
487	310	1714511
487	311	1651952
487	312	1596066
487	313	1535740
487	314	1474053
487	315	1413672
487	316	1356338
487	317	1296359
487	318	1239104
487	319	1187701
487	320	1138688
487	321	1085928
487	322	1043326
487	323	994527
487	324	946400
487	325	906505
487	326	869439
487	327	832101
487	328	793590
487	329	758973
487	330	725170
487	331	694708
487	332	658356
487	333	625619
487	334	595919
487	335	573944
487	336	552072
487	337	531294
487	338	514574
487	339	496461
487	340	476117
487	341	457204
487	342	440877
487	343	423789
487	344	408832
487	345	391483
487	346	383605
487	347	376494
487	348	367791
487	349	355785
487	350	346561
487	351	337464
487	352	333203
487	353	329284
487	354	318173
487	355	307181
487	356	298639
487	357	293211
487	358	282053
487	359	272696
487	360	266790
487	361	261577
487	362	257782
487	363	253552
487	364	250642
487	365	242588
487	366	234298
487	367	227840
487	368	223869
487	369	219324
487	370	212670
487	371	207330
487	372	201588
487	373	196190
487	374	192424
487	375	183852
487	376	175154
487	377	169508
487	378	164091
487	379	157453
487	380	151646
487	381	141959
487	382	137225
487	383	131233
487	384	125311
487	385	121484
487	386	115501
487	387	109843
487	388	104374
487	389	99377
487	390	93958
487	391	87079
487	392	79680
487	393	74235
487	394	68577
487	395	62211
487	396	58309
487	397	54103
487	398	49302
487	399	44860
487	400	41534
487	401	37556
487	402	35870
487	403	33189
487	404	30671
487	405	28558
487	406	26360
487	407	23106
487	408	20522
487	409	17553
487	410	15254
487	411	14270
487	412	12741
487	413	11488
487	414	9912
487	415	8177
487	416	6931
487	417	6030
487	418	5461
487	419	4228
487	420	3125
487	421	2826
487	422	2516
487	423	2195
487	424	1679
487	425	1503
487	426	1131
487	427	830
487	428	908
487	429	966
487	430	746
487	431	702
487	432	443
487	433	465
487	434	522
487	435	465
487	436	383
487	437	286
487	438	205
487	439	201
487	440	151
487	441	121
487	442	116
487	443	118
487	444	196
487	445	179
487	446	145
487	447	136
487	448	81
487	449	73
487	450	56
487	451	39
487	452	57
487	453	37
487	454	35
487	455	32
487	456	43
487	457	31
487	458	24
487	459	29
487	460	32
487	461	41
487	462	20
487	463	29
487	464	18
487	465	19
487	466	17
487	467	34
487	468	9
487	469	9
487	470	8
487	471	9
487	472	2
487	473	3
487	474	3
487	475	6
487	476	6
487	477	8
487	478	9
487	479	6
487	480	6
487	481	1
487	482	4
487	483	1
487	484	0
487	485	0
487	486	0
487	487	0
