length	num_GC	number_of_fragments
443	0	1423
443	1	1569
443	2	2001
443	3	3686
443	4	3738
443	5	5007
443	6	3570
443	7	3137
443	8	4191
443	9	4040
443	10	5150
443	11	5819
443	12	6491
443	13	6829
443	14	6567
443	15	6132
443	16	6014
443	17	6756
443	18	7815
443	19	9258
443	20	9221
443	21	9108
443	22	8796
443	23	9294
443	24	9198
443	25	8716
443	26	8667
443	27	9244
443	28	9606
443	29	9959
443	30	9809
443	31	10057
443	32	11406
443	33	11856
443	34	11821
443	35	12564
443	36	12556
443	37	12836
443	38	13854
443	39	14210
443	40	14445
443	41	15238
443	42	15586
443	43	15154
443	44	16004
443	45	16916
443	46	16473
443	47	16864
443	48	18011
443	49	19016
443	50	19898
443	51	20443
443	52	20385
443	53	20850
443	54	21260
443	55	21906
443	56	22549
443	57	23181
443	58	23846
443	59	24308
443	60	24639
443	61	25523
443	62	26789
443	63	26950
443	64	28493
443	65	29888
443	66	30926
443	67	32858
443	68	33714
443	69	35641
443	70	37017
443	71	38218
443	72	39248
443	73	41370
443	74	44440
443	75	46333
443	76	49045
443	77	50572
443	78	52765
443	79	58205
443	80	62897
443	81	66224
443	82	72290
443	83	77156
443	84	85674
443	85	94688
443	86	103002
443	87	117636
443	88	133768
443	89	150080
443	90	172033
443	91	198929
443	92	225939
443	93	258368
443	94	299246
443	95	346452
443	96	405824
443	97	473307
443	98	545112
443	99	634536
443	100	737197
443	101	854924
443	102	987622
443	103	1139175
443	104	1302896
443	105	1491192
443	106	1705930
443	107	1935397
443	108	2196085
443	109	2470087
443	110	2773136
443	111	3109418
443	112	3469673
443	113	3854028
443	114	4290803
443	115	4748472
443	116	5225378
443	117	5713160
443	118	6230799
443	119	6795323
443	120	7363727
443	121	7964625
443	122	8586460
443	123	9216622
443	124	9905659
443	125	10586078
443	126	11296022
443	127	12017339
443	128	12755118
443	129	13489342
443	130	14201565
443	131	14969523
443	132	15712031
443	133	16447941
443	134	17220005
443	135	17976110
443	136	18719718
443	137	19470211
443	138	20181919
443	139	20897848
443	140	21602479
443	141	22307177
443	142	22976842
443	143	23642879
443	144	24333936
443	145	24950121
443	146	25543196
443	147	26121521
443	148	26681820
443	149	27212356
443	150	27688959
443	151	28164314
443	152	28632909
443	153	29070716
443	154	29465657
443	155	29819571
443	156	30147688
443	157	30466844
443	158	30738739
443	159	30981424
443	160	31188571
443	161	31412978
443	162	31568267
443	163	31715047
443	164	31798424
443	165	31852748
443	166	31916446
443	167	31946930
443	168	31961518
443	169	31931404
443	170	31913832
443	171	31932940
443	172	31901946
443	173	31825934
443	174	31759021
443	175	31657180
443	176	31516621
443	177	31399066
443	178	31270267
443	179	31116150
443	180	31002663
443	181	30870788
443	182	30739473
443	183	30615741
443	184	30496931
443	185	30347366
443	186	30201970
443	187	30019545
443	188	29855924
443	189	29700255
443	190	29555973
443	191	29378906
443	192	29204481
443	193	28989088
443	194	28746092
443	195	28496852
443	196	28224032
443	197	27952900
443	198	27659379
443	199	27354997
443	200	26985868
443	201	26608260
443	202	26201214
443	203	25783038
443	204	25328935
443	205	24836294
443	206	24344594
443	207	23853975
443	208	23344300
443	209	22828517
443	210	22298785
443	211	21753224
443	212	21198108
443	213	20660863
443	214	20089175
443	215	19555010
443	216	19000346
443	217	18421352
443	218	17874382
443	219	17341101
443	220	16803452
443	221	16266993
443	222	15740831
443	223	15204751
443	224	14659895
443	225	14135323
443	226	13628744
443	227	13107476
443	228	12606593
443	229	12125510
443	230	11656165
443	231	11175131
443	232	10723736
443	233	10291243
443	234	9864312
443	235	9448577
443	236	9056941
443	237	8684872
443	238	8332966
443	239	7980665
443	240	7661184
443	241	7367210
443	242	7072904
443	243	6807516
443	244	6559194
443	245	6325180
443	246	6101850
443	247	5892776
443	248	5690452
443	249	5498746
443	250	5315772
443	251	5141089
443	252	4973037
443	253	4824921
443	254	4679975
443	255	4533586
443	256	4401431
443	257	4262544
443	258	4133791
443	259	4010989
443	260	3905217
443	261	3794398
443	262	3691983
443	263	3591801
443	264	3487896
443	265	3381344
443	266	3283697
443	267	3183803
443	268	3087442
443	269	2990751
443	270	2903230
443	271	2807744
443	272	2711614
443	273	2624632
443	274	2533468
443	275	2449157
443	276	2363201
443	277	2272843
443	278	2190107
443	279	2104834
443	280	2024522
443	281	1951783
443	282	1865397
443	283	1790565
443	284	1719144
443	285	1650363
443	286	1578304
443	287	1496649
443	288	1424826
443	289	1363233
443	290	1303370
443	291	1248089
443	292	1189458
443	293	1121391
443	294	1064175
443	295	1016189
443	296	969975
443	297	928491
443	298	883452
443	299	838255
443	300	796094
443	301	750081
443	302	714009
443	303	678403
443	304	643013
443	305	611535
443	306	588248
443	307	566977
443	308	542493
443	309	523721
443	310	502117
443	311	482842
443	312	462555
443	313	442189
443	314	424756
443	315	412423
443	316	399417
443	317	385249
443	318	373539
443	319	367328
443	320	357068
443	321	347677
443	322	341222
443	323	328493
443	324	318449
443	325	312963
443	326	302023
443	327	295825
443	328	289771
443	329	281788
443	330	274824
443	331	266527
443	332	263007
443	333	255232
443	334	250502
443	335	244977
443	336	235389
443	337	228356
443	338	221990
443	339	216100
443	340	210143
443	341	200514
443	342	190730
443	343	183003
443	344	178820
443	345	171350
443	346	162804
443	347	155116
443	348	148618
443	349	142080
443	350	138323
443	351	130875
443	352	123759
443	353	117268
443	354	110077
443	355	102539
443	356	95785
443	357	89407
443	358	84020
443	359	76997
443	360	71390
443	361	62625
443	362	57808
443	363	51470
443	364	46445
443	365	42740
443	366	38478
443	367	37313
443	368	34873
443	369	32748
443	370	29163
443	371	25589
443	372	21962
443	373	19571
443	374	16808
443	375	14911
443	376	13624
443	377	11199
443	378	9691
443	379	8217
443	380	7093
443	381	5925
443	382	5403
443	383	4310
443	384	3521
443	385	2989
443	386	2280
443	387	1813
443	388	1587
443	389	1390
443	390	1297
443	391	853
443	392	643
443	393	613
443	394	577
443	395	414
443	396	477
443	397	565
443	398	384
443	399	367
443	400	306
443	401	128
443	402	97
443	403	88
443	404	63
443	405	78
443	406	104
443	407	107
443	408	112
443	409	114
443	410	184
443	411	126
443	412	118
443	413	77
443	414	56
443	415	33
443	416	48
443	417	45
443	418	36
443	419	39
443	420	27
443	421	26
443	422	32
443	423	25
443	424	17
443	425	12
443	426	11
443	427	9
443	428	6
443	429	5
443	430	4
443	431	3
443	432	0
443	433	0
443	434	0
443	435	0
443	436	0
443	437	0
443	438	0
443	439	0
443	440	0
443	441	0
443	442	0
443	443	0
