length	num_GC	number_of_fragments
420	0	1618
420	1	1830
420	2	2514
420	3	4179
420	4	4360
420	5	5090
420	6	3698
420	7	3813
420	8	4732
420	9	4937
420	10	5649
420	11	6647
420	12	7315
420	13	7277
420	14	6775
420	15	6712
420	16	6634
420	17	8228
420	18	9578
420	19	10354
420	20	9776
420	21	9443
420	22	9778
420	23	9558
420	24	9359
420	25	9435
420	26	10034
420	27	10419
420	28	10680
420	29	10873
420	30	11530
420	31	12347
420	32	12689
420	33	12865
420	34	13223
420	35	13455
420	36	13865
420	37	14815
420	38	15198
420	39	15848
420	40	16077
420	41	16446
420	42	17834
420	43	17714
420	44	17707
420	45	18756
420	46	19431
420	47	20709
420	48	21769
420	49	22017
420	50	21166
420	51	22315
420	52	23457
420	53	23049
420	54	23559
420	55	25292
420	56	26184
420	57	26819
420	58	27618
420	59	29165
420	60	29857
420	61	31016
420	62	32711
420	63	33684
420	64	36069
420	65	37200
420	66	40283
420	67	40863
420	68	41038
420	69	44291
420	70	47785
420	71	49715
420	72	52402
420	73	54881
420	74	58493
420	75	62710
420	76	69049
420	77	75329
420	78	82183
420	79	91834
420	80	100802
420	81	111971
420	82	127655
420	83	145239
420	84	165768
420	85	187616
420	86	217917
420	87	252686
420	88	293667
420	89	343267
420	90	400650
420	91	468808
420	92	545259
420	93	637694
420	94	746840
420	95	867495
420	96	1005954
420	97	1167838
420	98	1349267
420	99	1556027
420	100	1783494
420	101	2033418
420	102	2309243
420	103	2612897
420	104	2960928
420	105	3326177
420	106	3719748
420	107	4158172
420	108	4622045
420	109	5131136
420	110	5652748
420	111	6192732
420	112	6774814
420	113	7398947
420	114	8025330
420	115	8676589
420	116	9356784
420	117	10087813
420	118	10823253
420	119	11561462
420	120	12325285
420	121	13096867
420	122	13902366
420	123	14696158
420	124	15491424
420	125	16282015
420	126	17088295
420	127	17882054
420	128	18688823
420	129	19488129
420	130	20256312
420	131	21047206
420	132	21774323
420	133	22522635
420	134	23277276
420	135	24014241
420	136	24694769
420	137	25340570
420	138	25981958
420	139	26582816
420	140	27167861
420	141	27720487
420	142	28247588
420	143	28762405
420	144	29243378
420	145	29707231
420	146	30129052
420	147	30507660
420	148	30812955
420	149	31129971
420	150	31410298
420	151	31632427
420	152	31861102
420	153	32066201
420	154	32209900
420	155	32322416
420	156	32388629
420	157	32459660
420	158	32473332
420	159	32502938
420	160	32511856
420	161	32456679
420	162	32426114
420	163	32346259
420	164	32253373
420	165	32143553
420	166	32031329
420	167	31914324
420	168	31765709
420	169	31537782
420	170	31348782
420	171	31177517
420	172	31002310
420	173	30829667
420	174	30612178
420	175	30465587
420	176	30271977
420	177	30081402
420	178	29905213
420	179	29681467
420	180	29465051
420	181	29271934
420	182	29086869
420	183	28862398
420	184	28659493
420	185	28428606
420	186	28135004
420	187	27884023
420	188	27599416
420	189	27299666
420	190	27001402
420	191	26644358
420	192	26236114
420	193	25817251
420	194	25375844
420	195	24940091
420	196	24492073
420	197	23988973
420	198	23447879
420	199	22911365
420	200	22374889
420	201	21798057
420	202	21233652
420	203	20657189
420	204	20060662
420	205	19461330
420	206	18875799
420	207	18279936
420	208	17692518
420	209	17128254
420	210	16550392
420	211	15979826
420	212	15387691
420	213	14792503
420	214	14235317
420	215	13681140
420	216	13140292
420	217	12597166
420	218	12088698
420	219	11580657
420	220	11091068
420	221	10619720
420	222	10166474
420	223	9733592
420	224	9323713
420	225	8912353
420	226	8531147
420	227	8158826
420	228	7813557
420	229	7501056
420	230	7204168
420	231	6921386
420	232	6652656
420	233	6398447
420	234	6167248
420	235	5947119
420	236	5726561
420	237	5531700
420	238	5329266
420	239	5148087
420	240	4992095
420	241	4833906
420	242	4685358
420	243	4530402
420	244	4390038
420	245	4252560
420	246	4124265
420	247	3997044
420	248	3881685
420	249	3757386
420	250	3650999
420	251	3542268
420	252	3431949
420	253	3338481
420	254	3240025
420	255	3125709
420	256	3027706
420	257	2925452
420	258	2818645
420	259	2725473
420	260	2629030
420	261	2531702
420	262	2440197
420	263	2341210
420	264	2249128
420	265	2161579
420	266	2081177
420	267	1989157
420	268	1903665
420	269	1825699
420	270	1747519
420	271	1662961
420	272	1584062
420	273	1505951
420	274	1432871
420	275	1367218
420	276	1299016
420	277	1232464
420	278	1169882
420	279	1105489
420	280	1048247
420	281	996272
420	282	949737
420	283	905154
420	284	855966
420	285	809791
420	286	761305
420	287	719175
420	288	684334
420	289	651978
420	290	620901
420	291	591723
420	292	566826
420	293	545603
420	294	522447
420	295	500962
420	296	477549
420	297	461508
420	298	444976
420	299	427310
420	300	408658
420	301	393300
420	302	382267
420	303	377052
420	304	365831
420	305	353213
420	306	342818
420	307	335735
420	308	329201
420	309	321284
420	310	307406
420	311	300181
420	312	293005
420	313	287138
420	314	282213
420	315	272718
420	316	265224
420	317	258279
420	318	251015
420	319	242713
420	320	236306
420	321	230521
420	322	221390
420	323	211049
420	324	203007
420	325	194857
420	326	190003
420	327	181535
420	328	174060
420	329	164804
420	330	155930
420	331	149809
420	332	144844
420	333	137150
420	334	129588
420	335	119393
420	336	114041
420	337	107461
420	338	98806
420	339	92851
420	340	86359
420	341	77482
420	342	70887
420	343	65191
420	344	58737
420	345	51630
420	346	47500
420	347	43881
420	348	39931
420	349	36560
420	350	34152
420	351	30475
420	352	26712
420	353	23965
420	354	20511
420	355	18255
420	356	16119
420	357	13248
420	358	11284
420	359	10162
420	360	8280
420	361	7341
420	362	6360
420	363	5446
420	364	4226
420	365	3450
420	366	3100
420	367	2775
420	368	2034
420	369	1492
420	370	1054
420	371	1001
420	372	733
420	373	630
420	374	706
420	375	559
420	376	518
420	377	394
420	378	409
420	379	454
420	380	247
420	381	83
420	382	102
420	383	83
420	384	88
420	385	122
420	386	77
420	387	94
420	388	72
420	389	99
420	390	127
420	391	134
420	392	126
420	393	102
420	394	86
420	395	67
420	396	47
420	397	26
420	398	31
420	399	36
420	400	65
420	401	26
420	402	24
420	403	17
420	404	33
420	405	21
420	406	12
420	407	15
420	408	19
420	409	9
420	410	19
420	411	16
420	412	6
420	413	6
420	414	1
420	415	4
420	416	1
420	417	0
420	418	0
420	419	0
420	420	0
