length	num_GC	number_of_fragments
496	0	1196
496	1	1205
496	2	1326
496	3	2393
496	4	2390
496	5	3860
496	6	3813
496	7	2967
496	8	3096
496	9	3181
496	10	4383
496	11	4645
496	12	4955
496	13	5115
496	14	4722
496	15	5695
496	16	4833
496	17	4936
496	18	5761
496	19	6482
496	20	7256
496	21	7413
496	22	6676
496	23	8569
496	24	8449
496	25	8130
496	26	8865
496	27	8393
496	28	7300
496	29	7608
496	30	7671
496	31	8198
496	32	8496
496	33	8159
496	34	9410
496	35	9861
496	36	9835
496	37	10441
496	38	10127
496	39	9889
496	40	10340
496	41	10534
496	42	11630
496	43	12911
496	44	13483
496	45	13686
496	46	13408
496	47	13300
496	48	13364
496	49	13758
496	50	15384
496	51	15399
496	52	15389
496	53	15360
496	54	16089
496	55	16875
496	56	18435
496	57	19501
496	58	19351
496	59	18777
496	60	19392
496	61	19485
496	62	19958
496	63	21087
496	64	20577
496	65	20552
496	66	21502
496	67	21701
496	68	22251
496	69	23557
496	70	23772
496	71	24229
496	72	24392
496	73	25575
496	74	27164
496	75	27369
496	76	28524
496	77	29415
496	78	30050
496	79	30934
496	80	32387
496	81	33454
496	82	35639
496	83	37490
496	84	39377
496	85	42418
496	86	43429
496	87	45821
496	88	48097
496	89	49877
496	90	52921
496	91	56014
496	92	59154
496	93	62415
496	94	67072
496	95	73386
496	96	79753
496	97	85572
496	98	94430
496	99	102657
496	100	116613
496	101	131808
496	102	144994
496	103	166392
496	104	187333
496	105	212378
496	106	243210
496	107	279683
496	108	317595
496	109	365280
496	110	419841
496	111	486241
496	112	553865
496	113	632928
496	114	723102
496	115	832069
496	116	948311
496	117	1077202
496	118	1229276
496	119	1394667
496	120	1574555
496	121	1773063
496	122	1978384
496	123	2201775
496	124	2461197
496	125	2740581
496	126	3039318
496	127	3353558
496	128	3697319
496	129	4061364
496	130	4436090
496	131	4841144
496	132	5275403
496	133	5729519
496	134	6201571
496	135	6688615
496	136	7211562
496	137	7743526
496	138	8279966
496	139	8841174
496	140	9419713
496	141	10018370
496	142	10628388
496	143	11239354
496	144	11872388
496	145	12522237
496	146	13176511
496	147	13844441
496	148	14488890
496	149	15138002
496	150	15809500
496	151	16452230
496	152	17117366
496	153	17742100
496	154	18401404
496	155	19033416
496	156	19675327
496	157	20319102
496	158	20948477
496	159	21547217
496	160	22171248
496	161	22772382
496	162	23356391
496	163	23897924
496	164	24413841
496	165	24920287
496	166	25435215
496	167	25919229
496	168	26366012
496	169	26817689
496	170	27242892
496	171	27641055
496	172	28034497
496	173	28390377
496	174	28728568
496	175	29009793
496	176	29287204
496	177	29553237
496	178	29806592
496	179	30012773
496	180	30187195
496	181	30350673
496	182	30487997
496	183	30637861
496	184	30749337
496	185	30842745
496	186	30865439
496	187	30949165
496	188	31028267
496	189	31115654
496	190	31134773
496	191	31132424
496	192	31148860
496	193	31147201
496	194	31138484
496	195	31129236
496	196	31142870
496	197	31124910
496	198	31089125
496	199	31031402
496	200	30974140
496	201	30916625
496	202	30854321
496	203	30792197
496	204	30735107
496	205	30685524
496	206	30599745
496	207	30485839
496	208	30329120
496	209	30188937
496	210	30060392
496	211	29908210
496	212	29742918
496	213	29558005
496	214	29363151
496	215	29167771
496	216	28926723
496	217	28651999
496	218	28339827
496	219	28030984
496	220	27714817
496	221	27342062
496	222	26988949
496	223	26617669
496	224	26237630
496	225	25837241
496	226	25405242
496	227	24937360
496	228	24500083
496	229	24044741
496	230	23583434
496	231	23127471
496	232	22656041
496	233	22169291
496	234	21695564
496	235	21229071
496	236	20730387
496	237	20247695
496	238	19744465
496	239	19278877
496	240	18791116
496	241	18292681
496	242	17818946
496	243	17367868
496	244	16902630
496	245	16435922
496	246	15956638
496	247	15470735
496	248	14987754
496	249	14517651
496	250	14049616
496	251	13605267
496	252	13159242
496	253	12712508
496	254	12255956
496	255	11848630
496	256	11450393
496	257	11033319
496	258	10619991
496	259	10236221
496	260	9851011
496	261	9468886
496	262	9117197
496	263	8776850
496	264	8453068
496	265	8133251
496	266	7829114
496	267	7550421
496	268	7279758
496	269	7017818
496	270	6788388
496	271	6547004
496	272	6328851
496	273	6115732
496	274	5916369
496	275	5724443
496	276	5538407
496	277	5372540
496	278	5221665
496	279	5061918
496	280	4919417
496	281	4771571
496	282	4630358
496	283	4505802
496	284	4383441
496	285	4258635
496	286	4141105
496	287	4031545
496	288	3927548
496	289	3815013
496	290	3721607
496	291	3617509
496	292	3522378
496	293	3435424
496	294	3349943
496	295	3268154
496	296	3179593
496	297	3094310
496	298	3018670
496	299	2930154
496	300	2841659
496	301	2752548
496	302	2672567
496	303	2602417
496	304	2519155
496	305	2443004
496	306	2373350
496	307	2303872
496	308	2227981
496	309	2156931
496	310	2079850
496	311	2011931
496	312	1945164
496	313	1875870
496	314	1801101
496	315	1740337
496	316	1670773
496	317	1611351
496	318	1553475
496	319	1500566
496	320	1442951
496	321	1381100
496	322	1326935
496	323	1267365
496	324	1213947
496	325	1168049
496	326	1115241
496	327	1068056
496	328	1023084
496	329	974607
496	330	932587
496	331	892990
496	332	856359
496	333	820237
496	334	785904
496	335	748811
496	336	718302
496	337	683738
496	338	650892
496	339	619411
496	340	594055
496	341	568811
496	342	550279
496	343	530171
496	344	509342
496	345	491947
496	346	472231
496	347	457598
496	348	440867
496	349	422496
496	350	405447
496	351	392614
496	352	382083
496	353	372089
496	354	365246
496	355	355541
496	356	346647
496	357	340775
496	358	332791
496	359	326277
496	360	320486
496	361	309037
496	362	298411
496	363	291197
496	364	283394
496	365	274791
496	366	265545
496	367	261598
496	368	256807
496	369	251933
496	370	248038
496	371	244020
496	372	236387
496	373	230129
496	374	224182
496	375	219106
496	376	214204
496	377	208477
496	378	200546
496	379	196793
496	380	194989
496	381	186535
496	382	181977
496	383	175036
496	384	165516
496	385	159693
496	386	153896
496	387	149859
496	388	140052
496	389	133822
496	390	128260
496	391	123806
496	392	120162
496	393	112607
496	394	109372
496	395	102565
496	396	96838
496	397	91474
496	398	86014
496	399	79661
496	400	72494
496	401	67294
496	402	63164
496	403	59613
496	404	54037
496	405	49086
496	406	45938
496	407	40682
496	408	37962
496	409	36198
496	410	33311
496	411	30766
496	412	28355
496	413	26021
496	414	23548
496	415	21586
496	416	18866
496	417	15448
496	418	13909
496	419	12710
496	420	11726
496	421	10141
496	422	8892
496	423	7701
496	424	6728
496	425	5361
496	426	4836
496	427	3742
496	428	2723
496	429	2541
496	430	2368
496	431	1796
496	432	1531
496	433	1367
496	434	980
496	435	858
496	436	732
496	437	984
496	438	806
496	439	506
496	440	531
496	441	466
496	442	492
496	443	401
496	444	313
496	445	333
496	446	214
496	447	189
496	448	161
496	449	93
496	450	143
496	451	130
496	452	197
496	453	201
496	454	113
496	455	99
496	456	66
496	457	46
496	458	50
496	459	45
496	460	32
496	461	47
496	462	36
496	463	46
496	464	24
496	465	40
496	466	32
496	467	30
496	468	24
496	469	30
496	470	38
496	471	24
496	472	33
496	473	13
496	474	15
496	475	26
496	476	44
496	477	15
496	478	17
496	479	12
496	480	13
496	481	7
496	482	5
496	483	11
496	484	14
496	485	8
496	486	17
496	487	11
496	488	6
496	489	6
496	490	1
496	491	4
496	492	1
496	493	0
496	494	0
496	495	0
496	496	0
