length	num_GC	number_of_fragments
465	0	1322
465	1	1433
465	2	1602
465	3	3086
465	4	3200
465	5	4717
465	6	3750
465	7	2837
465	8	3580
465	9	3975
465	10	4718
465	11	5054
465	12	5401
465	13	6388
465	14	6058
465	15	5859
465	16	5426
465	17	5949
465	18	6893
465	19	7682
465	20	8397
465	21	8495
465	22	8494
465	23	9016
465	24	9162
465	25	8540
465	26	8373
465	27	7941
465	28	8385
465	29	8469
465	30	9428
465	31	8964
465	32	9234
465	33	10787
465	34	11042
465	35	11209
465	36	11084
465	37	11381
465	38	11887
465	39	12270
465	40	13121
465	41	14391
465	42	14380
465	43	14339
465	44	14259
465	45	14953
465	46	15074
465	47	15195
465	48	16541
465	49	15988
465	50	17072
465	51	17532
465	52	18053
465	53	19689
465	54	20123
465	55	19124
465	56	20043
465	57	20597
465	58	20981
465	59	22331
465	60	22347
465	61	22852
465	62	22603
465	63	22793
465	64	24216
465	65	24948
465	66	25848
465	67	27071
465	68	26953
465	69	28464
465	70	29444
465	71	30460
465	72	32283
465	73	33503
465	74	35626
465	75	36580
465	76	37787
465	77	38989
465	78	41941
465	79	44267
465	80	45472
465	81	47813
465	82	50373
465	83	54317
465	84	57259
465	85	61766
465	86	65284
465	87	70698
465	88	74422
465	89	81825
465	90	91245
465	91	100990
465	92	112000
465	93	124479
465	94	141497
465	95	161926
465	96	185145
465	97	208289
465	98	237398
465	99	274230
465	100	317593
465	101	367394
465	102	426800
465	103	490401
465	104	564179
465	105	652023
465	106	757090
465	107	869931
465	108	996122
465	109	1144923
465	110	1306205
465	111	1485809
465	112	1687022
465	113	1914170
465	114	2153882
465	115	2410494
465	116	2691425
465	117	3004767
465	118	3341067
465	119	3704683
465	120	4099792
465	121	4513210
465	122	4965966
465	123	5430353
465	124	5906304
465	125	6408311
465	126	6939911
465	127	7510198
465	128	8095303
465	129	8675936
465	130	9284314
465	131	9912769
465	132	10565796
465	133	11252402
465	134	11942517
465	135	12629463
465	136	13336146
465	137	14016655
465	138	14708986
465	139	15423446
465	140	16132450
465	141	16844528
465	142	17543164
465	143	18279884
465	144	18966249
465	145	19635270
465	146	20324892
465	147	21001218
465	148	21669647
465	149	22318914
465	150	22981534
465	151	23595613
465	152	24177926
465	153	24765560
465	154	25342157
465	155	25894722
465	156	26401219
465	157	26909578
465	158	27394789
465	159	27826252
465	160	28245488
465	161	28634161
465	162	29018227
465	163	29375335
465	164	29708517
465	165	29973611
465	166	30212383
465	167	30464681
465	168	30690234
465	169	30898043
465	170	31074373
465	171	31191565
465	172	31295114
465	173	31379852
465	174	31425318
465	175	31487204
465	176	31503364
465	177	31510571
465	178	31535618
465	179	31528284
465	180	31520045
465	181	31509627
465	182	31481886
465	183	31418552
465	184	31347251
465	185	31273051
465	186	31175093
465	187	31074662
465	188	30971729
465	189	30893902
465	190	30795589
465	191	30701945
465	192	30601651
465	193	30525010
465	194	30414675
465	195	30268042
465	196	30128807
465	197	29998958
465	198	29869055
465	199	29703112
465	200	29539248
465	201	29334275
465	202	29131607
465	203	28885451
465	204	28647812
465	205	28371680
465	206	28060770
465	207	27764352
465	208	27449896
465	209	27096091
465	210	26718288
465	211	26304559
465	212	25893508
465	213	25442609
465	214	24955980
465	215	24481484
465	216	24003930
465	217	23513559
465	218	23004491
465	219	22498677
465	220	22004400
465	221	21501573
465	222	20969631
465	223	20442945
465	224	19903058
465	225	19383731
465	226	18871137
465	227	18357874
465	228	17858938
465	229	17343488
465	230	16814529
465	231	16314500
465	232	15801868
465	233	15293036
465	234	14793938
465	235	14304881
465	236	13809782
465	237	13331521
465	238	12858655
465	239	12369528
465	240	11929590
465	241	11485504
465	242	11032207
465	243	10607889
465	244	10189073
465	245	9780081
465	246	9365852
465	247	8995361
465	248	8653046
465	249	8314974
465	250	7986887
465	251	7679280
465	252	7379222
465	253	7096115
465	254	6829580
465	255	6595325
465	256	6371117
465	257	6150294
465	258	5942275
465	259	5745655
465	260	5554616
465	261	5371394
465	262	5206279
465	263	5047483
465	264	4894858
465	265	4740929
465	266	4602573
465	267	4473188
465	268	4338941
465	269	4212701
465	270	4089336
465	271	3971887
465	272	3868788
465	273	3762971
465	274	3665895
465	275	3568757
465	276	3475139
465	277	3387887
465	278	3284194
465	279	3185184
465	280	3091425
465	281	3000073
465	282	2914068
465	283	2821907
465	284	2739985
465	285	2651794
465	286	2569831
465	287	2490044
465	288	2409284
465	289	2327625
465	290	2249239
465	291	2164923
465	292	2084125
465	293	2007458
465	294	1932657
465	295	1856519
465	296	1793403
465	297	1721766
465	298	1656344
465	299	1589456
465	300	1520483
465	301	1457579
465	302	1388004
465	303	1320411
465	304	1267603
465	305	1218012
465	306	1163960
465	307	1108246
465	308	1055527
465	309	1003197
465	310	958855
465	311	914685
465	312	873124
465	313	838224
465	314	794613
465	315	758075
465	316	724311
465	317	685623
465	318	649160
465	319	617496
465	320	590105
465	321	570313
465	322	549867
465	323	529293
465	324	509464
465	325	488633
465	326	466101
465	327	451177
465	328	433118
465	329	418871
465	330	401273
465	331	391922
465	332	379446
465	333	370762
465	334	360684
465	335	354122
465	336	345127
465	337	334928
465	338	329722
465	339	319282
465	340	309005
465	341	298656
465	342	289184
465	343	284271
465	344	278432
465	345	272116
465	346	269249
465	347	264399
465	348	255002
465	349	245909
465	350	241190
465	351	233737
465	352	229653
465	353	224229
465	354	219628
465	355	212465
465	356	206863
465	357	200770
465	358	192627
465	359	182202
465	360	174526
465	361	169447
465	362	163230
465	363	156417
465	364	150787
465	365	143155
465	366	136612
465	367	130606
465	368	126271
465	369	120669
465	370	114233
465	371	107498
465	372	101916
465	373	94869
465	374	88715
465	375	81838
465	376	75733
465	377	68640
465	378	63564
465	379	56958
465	380	52645
465	381	48141
465	382	44004
465	383	40395
465	384	36586
465	385	35529
465	386	33227
465	387	30537
465	388	27497
465	389	25108
465	390	20795
465	391	18709
465	392	16687
465	393	14334
465	394	13512
465	395	10966
465	396	10116
465	397	8323
465	398	7112
465	399	6059
465	400	4982
465	401	4052
465	402	3548
465	403	2938
465	404	2776
465	405	1926
465	406	1564
465	407	1330
465	408	1107
465	409	1111
465	410	931
465	411	659
465	412	658
465	413	571
465	414	378
465	415	499
465	416	454
465	417	381
465	418	367
465	419	271
465	420	244
465	421	112
465	422	94
465	423	107
465	424	114
465	425	101
465	426	106
465	427	183
465	428	216
465	429	158
465	430	89
465	431	54
465	432	71
465	433	44
465	434	38
465	435	54
465	436	41
465	437	37
465	438	49
465	439	45
465	440	31
465	441	33
465	442	22
465	443	24
465	444	34
465	445	34
465	446	19
465	447	21
465	448	10
465	449	14
465	450	6
465	451	6
465	452	10
465	453	9
465	454	3
465	455	11
465	456	7
465	457	0
465	458	0
465	459	0
465	460	0
465	461	0
465	462	0
465	463	0
465	464	0
465	465	0
