length	num_GC	number_of_fragments
463	0	1328
463	1	1445
463	2	1592
463	3	3122
463	4	3260
463	5	4702
463	6	3752
463	7	2845
463	8	3694
463	9	3969
463	10	4771
463	11	5079
463	12	5531
463	13	6485
463	14	6113
463	15	5891
463	16	5536
463	17	5897
463	18	7013
463	19	7828
463	20	8561
463	21	8607
463	22	8611
463	23	8986
463	24	9211
463	25	8521
463	26	8342
463	27	8137
463	28	8385
463	29	8700
463	30	9567
463	31	9076
463	32	9400
463	33	10916
463	34	11197
463	35	11145
463	36	11283
463	37	11692
463	38	12000
463	39	12467
463	40	13538
463	41	14411
463	42	14376
463	43	14408
463	44	14427
463	45	15245
463	46	15147
463	47	15520
463	48	16507
463	49	16387
463	50	17175
463	51	17797
463	52	18343
463	53	20099
463	54	19811
463	55	19469
463	56	20343
463	57	20765
463	58	21599
463	59	22318
463	60	22642
463	61	22942
463	62	22522
463	63	23457
463	64	24947
463	65	24954
463	66	26609
463	67	27316
463	68	27067
463	69	29102
463	70	30165
463	71	31003
463	72	33324
463	73	34338
463	74	36496
463	75	36989
463	76	38683
463	77	40191
463	78	43029
463	79	44750
463	80	46620
463	81	49411
463	82	51689
463	83	55935
463	84	58717
463	85	64528
463	86	67231
463	87	72679
463	88	77601
463	89	86612
463	90	95969
463	91	105980
463	92	117953
463	93	132358
463	94	151148
463	95	174128
463	96	197078
463	97	221374
463	98	255518
463	99	295150
463	100	342293
463	101	398026
463	102	458145
463	103	528606
463	104	607471
463	105	706776
463	106	815194
463	107	936124
463	108	1074198
463	109	1231252
463	110	1403452
463	111	1592349
463	112	1811422
463	113	2046379
463	114	2294776
463	115	2568406
463	116	2866528
463	117	3193851
463	118	3550923
463	119	3928150
463	120	4341054
463	121	4781290
463	122	5243278
463	123	5715658
463	124	6205663
463	125	6731070
463	126	7283182
463	127	7867134
463	128	8460408
463	129	9057733
463	130	9680667
463	131	10317973
463	132	11007968
463	133	11697615
463	134	12391144
463	135	13090548
463	136	13790129
463	137	14475321
463	138	15181793
463	139	15906297
463	140	16613419
463	141	17321748
463	142	18051333
463	143	18768753
463	144	19441581
463	145	20119883
463	146	20806509
463	147	21482339
463	148	22145929
463	149	22794936
463	150	23436822
463	151	24032633
463	152	24623521
463	153	25204162
463	154	25763421
463	155	26289382
463	156	26790908
463	157	27298239
463	158	27756387
463	159	28150540
463	160	28573567
463	161	28945443
463	162	29323850
463	163	29659130
463	164	29954068
463	165	30185759
463	166	30442565
463	167	30672944
463	168	30891453
463	169	31079209
463	170	31192527
463	171	31329397
463	172	31404763
463	173	31452796
463	174	31500498
463	175	31545710
463	176	31542861
463	177	31566640
463	178	31557129
463	179	31556253
463	180	31539945
463	181	31520727
463	182	31468452
463	183	31380509
463	184	31291416
463	185	31217979
463	186	31111010
463	187	30988937
463	188	30912743
463	189	30827875
463	190	30710705
463	191	30622469
463	192	30532648
463	193	30435460
463	194	30293805
463	195	30134510
463	196	30003000
463	197	29892627
463	198	29725125
463	199	29551782
463	200	29370459
463	201	29155979
463	202	28928659
463	203	28677466
463	204	28408475
463	205	28116647
463	206	27807738
463	207	27500170
463	208	27158135
463	209	26788460
463	210	26378046
463	211	25955425
463	212	25519864
463	213	25038770
463	214	24557389
463	215	24076318
463	216	23587881
463	217	23075324
463	218	22571940
463	219	22080594
463	220	21571872
463	221	21040199
463	222	20512529
463	223	19960273
463	224	19441265
463	225	18923253
463	226	18417855
463	227	17907251
463	228	17391645
463	229	16859677
463	230	16352552
463	231	15844755
463	232	15338082
463	233	14825726
463	234	14331128
463	235	13843352
463	236	13358319
463	237	12877865
463	238	12394087
463	239	11946536
463	240	11497332
463	241	11050646
463	242	10620529
463	243	10198003
463	244	9784724
463	245	9368305
463	246	9006412
463	247	8649995
463	248	8316445
463	249	7991400
463	250	7673916
463	251	7379365
463	252	7093585
463	253	6828869
463	254	6588115
463	255	6366799
463	256	6146205
463	257	5938927
463	258	5740553
463	259	5550914
463	260	5364352
463	261	5199336
463	262	5043558
463	263	4887231
463	264	4737418
463	265	4596643
463	266	4461407
463	267	4334146
463	268	4206643
463	269	4079517
463	270	3969279
463	271	3857720
463	272	3758514
463	273	3662629
463	274	3558840
463	275	3470435
463	276	3378527
463	277	3276138
463	278	3174628
463	279	3082288
463	280	2991194
463	281	2904276
463	282	2815693
463	283	2727576
463	284	2641250
463	285	2561433
463	286	2478317
463	287	2399841
463	288	2314543
463	289	2236196
463	290	2151902
463	291	2072589
463	292	1995003
463	293	1919303
463	294	1847050
463	295	1779755
463	296	1709939
463	297	1644281
463	298	1574610
463	299	1509553
463	300	1440890
463	301	1370949
463	302	1308444
463	303	1258163
463	304	1206496
463	305	1149761
463	306	1096714
463	307	1041141
463	308	991111
463	309	948393
463	310	902446
463	311	864670
463	312	828303
463	313	783570
463	314	748276
463	315	713038
463	316	673462
463	317	640064
463	318	608785
463	319	585430
463	320	563123
463	321	543766
463	322	524344
463	323	503019
463	324	480387
463	325	462183
463	326	445440
463	327	428849
463	328	412412
463	329	398908
463	330	387757
463	331	377277
463	332	366783
463	333	358653
463	334	350918
463	335	341753
463	336	333259
463	337	326795
463	338	315357
463	339	305776
463	340	294435
463	341	287668
463	342	282075
463	343	276003
463	344	272412
463	345	268751
463	346	260498
463	347	250061
463	348	245630
463	349	237600
463	350	232698
463	351	227453
463	352	222883
463	353	216687
463	354	210338
463	355	204385
463	356	197949
463	357	187395
463	358	177631
463	359	173416
463	360	166150
463	361	159448
463	362	155013
463	363	146042
463	364	140862
463	365	133081
463	366	129066
463	367	123885
463	368	117001
463	369	111051
463	370	104821
463	371	98259
463	372	91639
463	373	84874
463	374	78544
463	375	71851
463	376	66017
463	377	59727
463	378	54941
463	379	49930
463	380	45595
463	381	41712
463	382	37973
463	383	36243
463	384	33973
463	385	31627
463	386	28774
463	387	26267
463	388	22431
463	389	19475
463	390	17392
463	391	15047
463	392	13906
463	393	11906
463	394	10375
463	395	8853
463	396	7499
463	397	6454
463	398	5312
463	399	4304
463	400	3680
463	401	3083
463	402	2975
463	403	2132
463	404	1649
463	405	1381
463	406	1156
463	407	1142
463	408	1018
463	409	663
463	410	621
463	411	544
463	412	421
463	413	491
463	414	451
463	415	380
463	416	352
463	417	258
463	418	263
463	419	123
463	420	74
463	421	83
463	422	104
463	423	97
463	424	90
463	425	135
463	426	207
463	427	173
463	428	103
463	429	57
463	430	59
463	431	32
463	432	32
463	433	37
463	434	36
463	435	30
463	436	41
463	437	34
463	438	29
463	439	25
463	440	20
463	441	20
463	442	29
463	443	31
463	444	21
463	445	22
463	446	14
463	447	16
463	448	6
463	449	6
463	450	11
463	451	11
463	452	2
463	453	9
463	454	2
463	455	0
463	456	0
463	457	0
463	458	0
463	459	0
463	460	0
463	461	0
463	462	0
463	463	0
