length	num_GC	number_of_fragments
500	0	1183
500	1	1178
500	2	1292
500	3	2350
500	4	2281
500	5	3686
500	6	3804
500	7	2932
500	8	3034
500	9	3071
500	10	4266
500	11	4625
500	12	4884
500	13	4995
500	14	4609
500	15	5421
500	16	4761
500	17	4773
500	18	5608
500	19	6265
500	20	6999
500	21	7394
500	22	6500
500	23	8475
500	24	8483
500	25	7831
500	26	8605
500	27	8443
500	28	7313
500	29	7574
500	30	7713
500	31	7828
500	32	8261
500	33	8076
500	34	8919
500	35	9708
500	36	9670
500	37	10303
500	38	10329
500	39	9663
500	40	10094
500	41	10252
500	42	10801
500	43	11991
500	44	13364
500	45	13637
500	46	13610
500	47	12952
500	48	13199
500	49	13247
500	50	14410
500	51	15338
500	52	15692
500	53	15059
500	54	15649
500	55	16181
500	56	17784
500	57	18931
500	58	19197
500	59	19120
500	60	19337
500	61	19193
500	62	19606
500	63	20377
500	64	20526
500	65	20347
500	66	20849
500	67	20985
500	68	21765
500	69	22960
500	70	23490
500	71	24121
500	72	23550
500	73	24500
500	74	25883
500	75	27328
500	76	27981
500	77	28713
500	78	28706
500	79	30276
500	80	31312
500	81	31844
500	82	33605
500	83	35464
500	84	38000
500	85	40216
500	86	42112
500	87	43145
500	88	45722
500	89	47507
500	90	50694
500	91	52943
500	92	56289
500	93	59165
500	94	62572
500	95	67859
500	96	73160
500	97	80056
500	98	85553
500	99	93215
500	100	104313
500	101	117208
500	102	130186
500	103	145986
500	104	165731
500	105	187571
500	106	212175
500	107	243861
500	108	277489
500	109	316701
500	110	362471
500	111	417529
500	112	480962
500	113	551338
500	114	624687
500	115	718199
500	116	823458
500	117	938961
500	118	1065339
500	119	1213801
500	120	1376335
500	121	1559086
500	122	1744846
500	123	1948078
500	124	2173066
500	125	2426833
500	126	2695016
500	127	2991555
500	128	3299061
500	129	3637298
500	130	4000475
500	131	4369419
500	132	4755009
500	133	5186629
500	134	5631021
500	135	6103048
500	136	6572199
500	137	7097281
500	138	7611425
500	139	8137467
500	140	8697431
500	141	9268464
500	142	9852073
500	143	10456750
500	144	11054098
500	145	11678629
500	146	12321403
500	147	12967378
500	148	13625270
500	149	14280734
500	150	14927755
500	151	15565962
500	152	16208907
500	153	16870347
500	154	17514743
500	155	18140205
500	156	18782654
500	157	19410834
500	158	20055174
500	159	20668265
500	160	21288025
500	161	21902957
500	162	22501128
500	163	23075378
500	164	23640882
500	165	24152218
500	166	24660691
500	167	25172955
500	168	25665505
500	169	26119078
500	170	26555048
500	171	26988683
500	172	27429531
500	173	27800388
500	174	28164650
500	175	28498525
500	176	28810145
500	177	29092244
500	178	29365706
500	179	29625399
500	180	29849365
500	181	30027828
500	182	30204698
500	183	30358788
500	184	30510147
500	185	30628085
500	186	30722580
500	187	30791499
500	188	30844665
500	189	30919392
500	190	31014688
500	191	31086271
500	192	31108880
500	193	31111845
500	194	31106573
500	195	31115695
500	196	31098817
500	197	31125360
500	198	31124548
500	199	31084011
500	200	31073609
500	201	31008153
500	202	30958003
500	203	30892482
500	204	30859139
500	205	30774450
500	206	30729942
500	207	30654269
500	208	30580848
500	209	30440827
500	210	30301316
500	211	30129406
500	212	30012040
500	213	29850839
500	214	29681571
500	215	29496949
500	216	29295761
500	217	29092896
500	218	28828913
500	219	28539771
500	220	28231165
500	221	27905863
500	222	27578873
500	223	27227615
500	224	26853019
500	225	26490385
500	226	26099795
500	227	25681564
500	228	25249030
500	229	24806622
500	230	24349936
500	231	23901113
500	232	23452035
500	233	22991224
500	234	22510169
500	235	22038187
500	236	21572689
500	237	21110313
500	238	20602049
500	239	20132677
500	240	19649738
500	241	19163699
500	242	18682979
500	243	18206322
500	244	17734389
500	245	17271221
500	246	16814503
500	247	16356687
500	248	15885723
500	249	15407943
500	250	14913437
500	251	14449340
500	252	13991350
500	253	13547311
500	254	13107873
500	255	12671477
500	256	12218370
500	257	11795765
500	258	11413259
500	259	11005307
500	260	10607324
500	261	10211290
500	262	9831779
500	263	9457093
500	264	9113211
500	265	8771198
500	266	8446440
500	267	8133822
500	268	7831179
500	269	7553187
500	270	7283724
500	271	7028709
500	272	6790499
500	273	6560802
500	274	6339250
500	275	6126806
500	276	5927737
500	277	5733597
500	278	5549368
500	279	5379188
500	280	5232247
500	281	5081861
500	282	4930683
500	283	4785410
500	284	4643295
500	285	4514935
500	286	4395729
500	287	4270616
500	288	4156595
500	289	4043053
500	290	3941728
500	291	3833853
500	292	3732463
500	293	3636815
500	294	3535517
500	295	3444158
500	296	3365654
500	297	3278223
500	298	3194258
500	299	3109142
500	300	3029795
500	301	2949714
500	302	2864568
500	303	2773911
500	304	2693238
500	305	2614159
500	306	2541409
500	307	2461382
500	308	2389868
500	309	2317370
500	310	2249641
500	311	2180711
500	312	2104915
500	313	2030070
500	314	1966805
500	315	1900921
500	316	1829755
500	317	1761505
500	318	1695653
500	319	1631513
500	320	1572978
500	321	1518577
500	322	1470318
500	323	1409115
500	324	1349472
500	325	1295321
500	326	1234662
500	327	1189736
500	328	1139472
500	329	1091926
500	330	1045825
500	331	997219
500	332	951981
500	333	912231
500	334	877374
500	335	837992
500	336	803327
500	337	769371
500	338	735281
500	339	701532
500	340	669843
500	341	638192
500	342	607688
500	343	582678
500	344	561493
500	345	540482
500	346	523592
500	347	501634
500	348	484554
500	349	466167
500	350	452579
500	351	433213
500	352	415115
500	353	400853
500	354	388484
500	355	377767
500	356	369229
500	357	360701
500	358	351098
500	359	345514
500	360	338353
500	361	331600
500	362	323668
500	363	316502
500	364	307676
500	365	294089
500	366	289267
500	367	279415
500	368	274101
500	369	264219
500	370	258959
500	371	254227
500	372	250339
500	373	245670
500	374	242053
500	375	234652
500	376	229028
500	377	222728
500	378	218092
500	379	212708
500	380	206422
500	381	199023
500	382	194798
500	383	193928
500	384	186566
500	385	180987
500	386	175358
500	387	166101
500	388	157129
500	389	153570
500	390	147576
500	391	141623
500	392	133530
500	393	127845
500	394	122940
500	395	120449
500	396	112618
500	397	107172
500	398	103545
500	399	97536
500	400	90853
500	401	85075
500	402	80135
500	403	73090
500	404	68069
500	405	63672
500	406	59481
500	407	55471
500	408	49764
500	409	45421
500	410	41991
500	411	38548
500	412	35965
500	413	33288
500	414	31865
500	415	28329
500	416	26218
500	417	24185
500	418	21960
500	419	18810
500	420	17285
500	421	13140
500	422	13175
500	423	11911
500	424	10474
500	425	9074
500	426	8017
500	427	6983
500	428	6096
500	429	4789
500	430	4082
500	431	3054
500	432	2443
500	433	2318
500	434	2041
500	435	1490
500	436	1554
500	437	1041
500	438	815
500	439	885
500	440	796
500	441	874
500	442	626
500	443	519
500	444	489
500	445	391
500	446	446
500	447	350
500	448	326
500	449	292
500	450	180
500	451	189
500	452	129
500	453	124
500	454	151
500	455	163
500	456	223
500	457	140
500	458	96
500	459	82
500	460	57
500	461	43
500	462	66
500	463	50
500	464	39
500	465	49
500	466	48
500	467	44
500	468	41
500	469	44
500	470	47
500	471	45
500	472	40
500	473	51
500	474	40
500	475	32
500	476	41
500	477	26
500	478	29
500	479	39
500	480	50
500	481	25
500	482	24
500	483	12
500	484	27
500	485	18
500	486	14
500	487	13
500	488	11
500	489	4
500	490	12
500	491	7
500	492	0
500	493	0
500	494	0
500	495	0
500	496	0
500	497	0
500	498	0
500	499	0
500	500	0
