length	num_GC	number_of_fragments
481	0	2735
481	1	3942
481	2	5991
481	3	7573
481	4	7339
481	5	7954
481	6	9546
481	7	9587
481	8	10022
481	9	11983
481	10	14763
481	11	14131
481	12	13881
481	13	17408
481	14	17388
481	15	17889
481	16	18248
481	17	18876
481	18	21564
481	19	20590
481	20	20644
481	21	20080
481	22	21185
481	23	20634
481	24	21009
481	25	21624
481	26	21341
481	27	20514
481	28	21498
481	29	21179
481	30	21514
481	31	21360
481	32	20259
481	33	21233
481	34	22387
481	35	22138
481	36	22909
481	37	23335
481	38	22367
481	39	22690
481	40	23095
481	41	23222
481	42	25919
481	43	26242
481	44	24676
481	45	24781
481	46	24769
481	47	26172
481	48	26243
481	49	25939
481	50	28169
481	51	28209
481	52	27666
481	53	27475
481	54	28711
481	55	28520
481	56	28236
481	57	29637
481	58	29123
481	59	30548
481	60	31301
481	61	32714
481	62	33227
481	63	33296
481	64	33713
481	65	34153
481	66	36091
481	67	37426
481	68	38227
481	69	38736
481	70	38929
481	71	39614
481	72	40206
481	73	41992
481	74	43596
481	75	45441
481	76	46595
481	77	48574
481	78	51458
481	79	52268
481	80	53652
481	81	55806
481	82	59364
481	83	61949
481	84	63633
481	85	66322
481	86	68823
481	87	72579
481	88	77400
481	89	80385
481	90	85868
481	91	92364
481	92	99691
481	93	107594
481	94	117725
481	95	128836
481	96	140663
481	97	159777
481	98	181333
481	99	205446
481	100	232109
481	101	265954
481	102	306227
481	103	353918
481	104	413114
481	105	477888
481	106	557081
481	107	649663
481	108	751424
481	109	870218
481	110	1005513
481	111	1165740
481	112	1352720
481	113	1563237
481	114	1793970
481	115	2054659
481	116	2343478
481	117	2671604
481	118	3033830
481	119	3428958
481	120	3864134
481	121	4337900
481	122	4852634
481	123	5419612
481	124	6031506
481	125	6689210
481	126	7382288
481	127	8125977
481	128	8918927
481	129	9731425
481	130	10612740
481	131	11509443
481	132	12450211
481	133	13448045
481	134	14429001
481	135	15459350
481	136	16512988
481	137	17612132
481	138	18729770
481	139	19850120
481	140	20988853
481	141	22122069
481	142	23270393
481	143	24413371
481	144	25545408
481	145	26700081
481	146	27853844
481	147	28982113
481	148	30083797
481	149	31183099
481	150	32278085
481	151	33333299
481	152	34374056
481	153	35424280
481	154	36466851
481	155	37470518
481	156	38461055
481	157	39396277
481	158	40300983
481	159	41191619
481	160	42041604
481	161	42879600
481	162	43672120
481	163	44419830
481	164	45190913
481	165	45895390
481	166	46555525
481	167	47190249
481	168	47790723
481	169	48339040
481	170	48831449
481	171	49281799
481	172	49724588
481	173	50144783
481	174	50464132
481	175	50814585
481	176	51067197
481	177	51302449
481	178	51481513
481	179	51582923
481	180	51687613
481	181	51761470
481	182	51798305
481	183	51805534
481	184	51771406
481	185	51698465
481	186	51602697
481	187	51481619
481	188	51291124
481	189	51062773
481	190	50778334
481	191	50466951
481	192	50084936
481	193	49653823
481	194	49252612
481	195	48882547
481	196	48510246
481	197	48227352
481	198	48030261
481	199	47795990
481	200	47587193
481	201	47396916
481	202	47222180
481	203	47011647
481	204	46785034
481	205	46487124
481	206	46160505
481	207	45814308
481	208	45410499
481	209	45001743
481	210	44571101
481	211	44084954
481	212	43598174
481	213	43068870
481	214	42487265
481	215	41928025
481	216	41343794
481	217	40725267
481	218	40077066
481	219	39385949
481	220	38679369
481	221	37970601
481	222	37205974
481	223	36448247
481	224	35697759
481	225	34929543
481	226	34160029
481	227	33376174
481	228	32581966
481	229	31807732
481	230	31038814
481	231	30314156
481	232	29541180
481	233	28762280
481	234	28020681
481	235	27294180
481	236	26550759
481	237	25859525
481	238	25141903
481	239	24424098
481	240	23716777
481	241	23013697
481	242	22283282
481	243	21580630
481	244	20859799
481	245	20181021
481	246	19490422
481	247	18828908
481	248	18159495
481	249	17511550
481	250	16850503
481	251	16222123
481	252	15604101
481	253	14995970
481	254	14420947
481	255	13842737
481	256	13301563
481	257	12798870
481	258	12322971
481	259	11862972
481	260	11409152
481	261	10966667
481	262	10565426
481	263	10175360
481	264	9799783
481	265	9442080
481	266	9102557
481	267	8759506
481	268	8448738
481	269	8152368
481	270	7849747
481	271	7564864
481	272	7295110
481	273	7035008
481	274	6792792
481	275	6554855
481	276	6323248
481	277	6118894
481	278	5917428
481	279	5720301
481	280	5542833
481	281	5372379
481	282	5193758
481	283	5035264
481	284	4888897
481	285	4749137
481	286	4603256
481	287	4459165
481	288	4326383
481	289	4189346
481	290	4049805
481	291	3921202
481	292	3790551
481	293	3673471
481	294	3570459
481	295	3460002
481	296	3345612
481	297	3244937
481	298	3143491
481	299	3041932
481	300	2944966
481	301	2845023
481	302	2752267
481	303	2647900
481	304	2554072
481	305	2466237
481	306	2381136
481	307	2301405
481	308	2210209
481	309	2125517
481	310	2037909
481	311	1950274
481	312	1867219
481	313	1791114
481	314	1710698
481	315	1630394
481	316	1563274
481	317	1498298
481	318	1429467
481	319	1362038
481	320	1295947
481	321	1233699
481	322	1176732
481	323	1125059
481	324	1070764
481	325	1021206
481	326	970495
481	327	925648
481	328	880994
481	329	835112
481	330	798673
481	331	766686
481	332	734393
481	333	713505
481	334	693280
481	335	666504
481	336	642288
481	337	617019
481	338	594086
481	339	574800
481	340	551641
481	341	531390
481	342	514682
481	343	499478
481	344	481385
481	345	464812
481	346	449294
481	347	437428
481	348	427617
481	349	412416
481	350	397247
481	351	380908
481	352	365978
481	353	354222
481	354	344487
481	355	328966
481	356	319559
481	357	311525
481	358	302927
481	359	295650
481	360	283952
481	361	273464
481	362	265205
481	363	257818
481	364	250277
481	365	243561
481	366	234414
481	367	226019
481	368	217800
481	369	210349
481	370	202732
481	371	193144
481	372	183258
481	373	176181
481	374	170639
481	375	164264
481	376	155471
481	377	148775
481	378	143346
481	379	136511
481	380	134950
481	381	127964
481	382	124320
481	383	118462
481	384	114777
481	385	108804
481	386	100236
481	387	95624
481	388	90895
481	389	82237
481	390	74247
481	391	66677
481	392	59243
481	393	53537
481	394	48155
481	395	42477
481	396	38398
481	397	35226
481	398	32422
481	399	28943
481	400	28091
481	401	25240
481	402	21620
481	403	18698
481	404	16112
481	405	14696
481	406	13348
481	407	11960
481	408	10932
481	409	8631
481	410	7650
481	411	6482
481	412	5604
481	413	4956
481	414	3990
481	415	3308
481	416	2724
481	417	2371
481	418	1988
481	419	1589
481	420	1138
481	421	763
481	422	701
481	423	850
481	424	799
481	425	719
481	426	482
481	427	451
481	428	451
481	429	369
481	430	420
481	431	326
481	432	195
481	433	166
481	434	87
481	435	62
481	436	21
481	437	34
481	438	45
481	439	97
481	440	91
481	441	125
481	442	88
481	443	88
481	444	108
481	445	267
481	446	159
481	447	98
481	448	38
481	449	33
481	450	42
481	451	140
481	452	80
481	453	0
481	454	0
481	455	0
481	456	0
481	457	0
481	458	0
481	459	0
481	460	0
481	461	0
481	462	0
481	463	0
481	464	0
481	465	0
481	466	0
481	467	0
481	468	0
481	469	0
481	470	0
481	471	0
481	472	0
481	473	0
481	474	0
481	475	0
481	476	0
481	477	0
481	478	0
481	479	0
481	480	0
481	481	0
