length	num_GC	number_of_fragments
444	0	4080
444	1	5426
444	2	8036
444	3	10023
444	4	9853
444	5	10132
444	6	11257
444	7	12605
444	8	13562
444	9	15990
444	10	18012
444	11	17831
444	12	18308
444	13	21514
444	14	21482
444	15	22388
444	16	21957
444	17	23033
444	18	24418
444	19	24582
444	20	22906
444	21	23969
444	22	24435
444	23	23832
444	24	24713
444	25	24595
444	26	24000
444	27	25094
444	28	25165
444	29	25237
444	30	24448
444	31	24918
444	32	25540
444	33	26087
444	34	26630
444	35	26682
444	36	27096
444	37	27137
444	38	27159
444	39	28934
444	40	28148
444	41	27844
444	42	28395
444	43	28905
444	44	29488
444	45	30887
444	46	31120
444	47	31834
444	48	31842
444	49	32062
444	50	32285
444	51	32501
444	52	32329
444	53	33769
444	54	34147
444	55	34506
444	56	36006
444	57	37345
444	58	38694
444	59	39361
444	60	39779
444	61	41067
444	62	42640
444	63	42505
444	64	44517
444	65	45602
444	66	47442
444	67	49575
444	68	51180
444	69	53180
444	70	54969
444	71	56968
444	72	58349
444	73	61176
444	74	63377
444	75	66737
444	76	69177
444	77	71754
444	78	74536
444	79	80355
444	80	85757
444	81	88069
444	82	96668
444	83	102519
444	84	112962
444	85	123491
444	86	134441
444	87	152119
444	88	171887
444	89	191104
444	90	218506
444	91	254050
444	92	291832
444	93	333715
444	94	389524
444	95	453847
444	96	537071
444	97	633342
444	98	736569
444	99	862245
444	100	1014833
444	101	1185779
444	102	1382774
444	103	1613327
444	104	1864345
444	105	2157199
444	106	2489592
444	107	2856929
444	108	3282003
444	109	3726842
444	110	4229800
444	111	4791882
444	112	5398867
444	113	6064677
444	114	6803139
444	115	7592369
444	116	8424981
444	117	9290184
444	118	10208943
444	119	11201680
444	120	12237035
444	121	13297850
444	122	14419228
444	123	15544850
444	124	16763158
444	125	17989804
444	126	19242824
444	127	20503726
444	128	21794369
444	129	23103935
444	130	24364041
444	131	25689670
444	132	27023568
444	133	28311813
444	134	29610427
444	135	30936729
444	136	32201225
444	137	33475408
444	138	34724892
444	139	35952007
444	140	37140022
444	141	38311726
444	142	39454579
444	143	40574632
444	144	41717912
444	145	42802914
444	146	43839988
444	147	44843951
444	148	45797372
444	149	46731774
444	150	47609577
444	151	48437426
444	152	49259934
444	153	50038908
444	154	50751709
444	155	51397165
444	156	51997750
444	157	52548068
444	158	53030746
444	159	53509183
444	160	53875665
444	161	54269997
444	162	54606417
444	163	54846349
444	164	55039683
444	165	55188096
444	166	55278039
444	167	55332778
444	168	55344159
444	169	55242308
444	170	55093994
444	171	54975033
444	172	54815977
444	173	54578143
444	174	54288912
444	175	53936982
444	176	53515134
444	177	53071413
444	178	52632748
444	179	52119464
444	180	51660930
444	181	51207790
444	182	50814122
444	183	50494877
444	184	50233081
444	185	49957042
444	186	49710075
444	187	49442636
444	188	49151954
444	189	48880159
444	190	48619452
444	191	48266650
444	192	47927295
444	193	47519199
444	194	47073572
444	195	46623247
444	196	46149795
444	197	45652416
444	198	45156512
444	199	44636056
444	200	44028413
444	201	43412729
444	202	42739753
444	203	42028215
444	204	41311130
444	205	40499670
444	206	39671341
444	207	38821200
444	208	37960076
444	209	37100047
444	210	36248162
444	211	35356520
444	212	34446195
444	213	33547889
444	214	32674366
444	215	31797576
444	216	30936512
444	217	30046005
444	218	29170752
444	219	28341291
444	220	27495905
444	221	26667808
444	222	25841458
444	223	25025019
444	224	24188685
444	225	23346543
444	226	22539598
444	227	21702680
444	228	20891487
444	229	20109180
444	230	19361675
444	231	18587334
444	232	17839345
444	233	17118835
444	234	16412600
444	235	15710979
444	236	15068705
444	237	14431593
444	238	13841576
444	239	13254451
444	240	12684878
444	241	12167762
444	242	11667895
444	243	11186118
444	244	10738290
444	245	10297228
444	246	9886965
444	247	9487138
444	248	9118671
444	249	8751891
444	250	8400983
444	251	8072262
444	252	7756360
444	253	7454542
444	254	7179726
444	255	6918026
444	256	6666840
444	257	6430822
444	258	6197394
444	259	5977897
444	260	5779256
444	261	5597428
444	262	5392467
444	263	5236032
444	264	5067691
444	265	4895601
444	266	4734463
444	267	4573486
444	268	4427199
444	269	4271797
444	270	4139452
444	271	3997357
444	272	3853737
444	273	3725934
444	274	3604778
444	275	3485235
444	276	3360442
444	277	3239936
444	278	3122600
444	279	3007788
444	280	2899947
444	281	2793155
444	282	2685750
444	283	2572275
444	284	2468875
444	285	2370365
444	286	2273168
444	287	2164084
444	288	2052784
444	289	1959666
444	290	1874152
444	291	1792149
444	292	1714949
444	293	1625696
444	294	1533215
444	295	1459272
444	296	1386995
444	297	1318313
444	298	1253961
444	299	1195117
444	300	1131988
444	301	1071997
444	302	1012287
444	303	961068
444	304	913826
444	305	869541
444	306	831395
444	307	802928
444	308	776400
444	309	744660
444	310	715081
444	311	689873
444	312	665226
444	313	639909
444	314	610029
444	315	591106
444	316	570466
444	317	546077
444	318	524217
444	319	506819
444	320	493098
444	321	477059
444	322	460625
444	323	445261
444	324	424982
444	325	410145
444	326	396252
444	327	379748
444	328	370035
444	329	356215
444	330	344198
444	331	331979
444	332	320034
444	333	312294
444	334	300063
444	335	293451
444	336	282208
444	337	269537
444	338	259577
444	339	250986
444	340	244801
444	341	234875
444	342	221813
444	343	210129
444	344	201260
444	345	194990
444	346	186510
444	347	178328
444	348	170960
444	349	163534
444	350	157454
444	351	152690
444	352	145830
444	353	141821
444	354	134770
444	355	128278
444	356	120116
444	357	112452
444	358	105922
444	359	98449
444	360	89653
444	361	81141
444	362	70601
444	363	63425
444	364	53959
444	365	47966
444	366	43072
444	367	38220
444	368	36249
444	369	33499
444	370	30967
444	371	27034
444	372	23630
444	373	20460
444	374	18362
444	375	16085
444	376	14171
444	377	12322
444	378	10264
444	379	8930
444	380	7973
444	381	6613
444	382	5744
444	383	5099
444	384	4024
444	385	3168
444	386	2606
444	387	2025
444	388	1454
444	389	1350
444	390	1268
444	391	1180
444	392	817
444	393	719
444	394	625
444	395	580
444	396	431
444	397	474
444	398	528
444	399	305
444	400	291
444	401	158
444	402	36
444	403	35
444	404	25
444	405	20
444	406	29
444	407	77
444	408	156
444	409	79
444	410	118
444	411	322
444	412	214
444	413	113
444	414	49
444	415	128
444	416	91
444	417	58
444	418	47
444	419	9
444	420	7
444	421	3
444	422	4
444	423	2
444	424	3
444	425	0
444	426	0
444	427	0
444	428	0
444	429	0
444	430	0
444	431	0
444	432	0
444	433	0
444	434	0
444	435	0
444	436	0
444	437	0
444	438	0
444	439	0
444	440	0
444	441	0
444	442	0
444	443	0
444	444	0
