length	num_GC	number_of_fragments
432	0	4650
432	1	6004
432	2	8807
432	3	11065
432	4	10623
432	5	10923
432	6	12002
432	7	14005
432	8	14736
432	9	17840
432	10	19363
432	11	18888
432	12	20069
432	13	23143
432	14	23612
432	15	22911
432	16	22990
432	17	24200
432	18	26340
432	19	25860
432	20	23618
432	21	25684
432	22	25858
432	23	25432
432	24	25291
432	25	26054
432	26	25813
432	27	26240
432	28	26573
432	29	26783
432	30	25655
432	31	26488
432	32	27468
432	33	27245
432	34	28407
432	35	28358
432	36	28643
432	37	28680
432	38	29116
432	39	28784
432	40	29740
432	41	29328
432	42	30959
432	43	31901
432	44	32147
432	45	33084
432	46	32813
432	47	32581
432	48	33797
432	49	34862
432	50	33411
432	51	34254
432	52	35641
432	53	35931
432	54	37066
432	55	38121
432	56	39290
432	57	40631
432	58	42141
432	59	43251
432	60	44209
432	61	44974
432	62	46397
432	63	47877
432	64	49220
432	65	50701
432	66	54070
432	67	56847
432	68	58136
432	69	59046
432	70	61655
432	71	63373
432	72	66980
432	73	70386
432	74	73261
432	75	77182
432	76	80136
432	77	85178
432	78	90499
432	79	95500
432	80	102998
432	81	113142
432	82	124486
432	83	136741
432	84	154857
432	85	172982
432	86	193680
432	87	219119
432	88	253688
432	89	293732
432	90	341206
432	91	399486
432	92	467430
432	93	548315
432	94	648438
432	95	761216
432	96	891096
432	97	1052919
432	98	1236900
432	99	1443884
432	100	1683535
432	101	1961288
432	102	2263030
432	103	2621224
432	104	3024982
432	105	3463468
432	106	3958412
432	107	4502607
432	108	5095010
432	109	5759167
432	110	6494773
432	111	7273201
432	112	8117499
432	113	9008316
432	114	9948859
432	115	10953496
432	116	11985702
432	117	13088477
432	118	14247961
432	119	15430761
432	120	16678302
432	121	17944564
432	122	19248950
432	123	20563365
432	124	21893112
432	125	23249374
432	126	24617660
432	127	25989906
432	128	27368635
432	129	28720690
432	130	30087740
432	131	31452251
432	132	32827695
432	133	34150136
432	134	35437520
432	135	36690989
432	136	37978331
432	137	39205292
432	138	40422211
432	139	41625591
432	140	42774739
432	141	43918140
432	142	44984815
432	143	46043579
432	144	47055271
432	145	47988381
432	146	48893927
432	147	49787505
432	148	50640777
432	149	51442918
432	150	52182837
432	151	52858234
432	152	53419137
432	153	53972496
432	154	54462047
432	155	54942870
432	156	55340501
432	157	55715293
432	158	55963527
432	159	56210693
432	160	56395202
432	161	56559040
432	162	56631062
432	163	56635712
432	164	56567000
432	165	56444438
432	166	56269138
432	167	56068819
432	168	55839459
432	169	55535780
432	170	55183773
432	171	54756804
432	172	54302754
432	173	53809935
432	174	53271614
432	175	52734850
432	176	52274319
432	177	51838730
432	178	51447941
432	179	51127017
432	180	50850225
432	181	50572751
432	182	50279533
432	183	50009096
432	184	49675741
432	185	49321475
432	186	48998245
432	187	48628432
432	188	48223816
432	189	47800930
432	190	47346299
432	191	46861861
432	192	46381062
432	193	45908797
432	194	45375215
432	195	44803773
432	196	44160698
432	197	43462311
432	198	42781651
432	199	42007042
432	200	41166694
432	201	40353437
432	202	39520488
432	203	38608330
432	204	37713530
432	205	36820502
432	206	35880861
432	207	34935864
432	208	34027978
432	209	33086100
432	210	32173587
432	211	31247194
432	212	30339029
432	213	29399254
432	214	28518688
432	215	27655596
432	216	26795970
432	217	25906199
432	218	25005071
432	219	24121853
432	220	23248918
432	221	22366369
432	222	21532430
432	223	20683582
432	224	19858469
432	225	19074423
432	226	18297755
432	227	17547280
432	228	16808893
432	229	16092894
432	230	15397369
432	231	14729254
432	232	14081502
432	233	13485325
432	234	12904585
432	235	12354160
432	236	11822251
432	237	11342254
432	238	10858765
432	239	10400313
432	240	9970931
432	241	9555645
432	242	9167231
432	243	8804969
432	244	8432996
432	245	8090139
432	246	7759121
432	247	7455658
432	248	7190639
432	249	6921693
432	250	6663120
432	251	6419617
432	252	6194353
432	253	5964476
432	254	5756434
432	255	5559304
432	256	5390705
432	257	5213810
432	258	5022968
432	259	4857205
432	260	4698364
432	261	4541091
432	262	4387802
432	263	4242676
432	264	4081564
432	265	3940076
432	266	3809746
432	267	3674714
432	268	3550106
432	269	3422539
432	270	3285247
432	271	3166030
432	272	3048762
432	273	2939318
432	274	2823137
432	275	2702438
432	276	2588565
432	277	2484997
432	278	2372544
432	279	2265945
432	280	2153955
432	281	2049976
432	282	1951925
432	283	1869873
432	284	1778093
432	285	1695865
432	286	1596765
432	287	1511650
432	288	1433400
432	289	1360999
432	290	1294449
432	291	1231966
432	292	1164594
432	293	1102484
432	294	1040891
432	295	988896
432	296	938686
432	297	891433
432	298	854431
432	299	821502
432	300	791194
432	301	759988
432	302	731917
432	303	702981
432	304	676996
432	305	649982
432	306	624259
432	307	602788
432	308	575280
432	309	553697
432	310	531426
432	311	516016
432	312	497361
432	313	482789
432	314	468226
432	315	445156
432	316	427594
432	317	416496
432	318	400047
432	319	387157
432	320	372444
432	321	358116
432	322	345470
432	323	332253
432	324	323460
432	325	313959
432	326	302832
432	327	290238
432	328	279130
432	329	269937
432	330	260813
432	331	252673
432	332	238390
432	333	227685
432	334	216827
432	335	208516
432	336	201020
432	337	192887
432	338	184033
432	339	174753
432	340	167346
432	341	162598
432	342	158027
432	343	151792
432	344	143537
432	345	135891
432	346	129167
432	347	122623
432	348	112795
432	349	104795
432	350	97813
432	351	88130
432	352	78094
432	353	69091
432	354	60228
432	355	51753
432	356	46110
432	357	41358
432	358	38893
432	359	35128
432	360	32535
432	361	28665
432	362	24541
432	363	21847
432	364	19384
432	365	17416
432	366	15077
432	367	12693
432	368	10343
432	369	9050
432	370	8629
432	371	7478
432	372	6153
432	373	4991
432	374	4163
432	375	3281
432	376	2505
432	377	2065
432	378	1679
432	379	1577
432	380	1252
432	381	1115
432	382	785
432	383	760
432	384	643
432	385	517
432	386	557
432	387	410
432	388	471
432	389	335
432	390	262
432	391	98
432	392	22
432	393	16
432	394	21
432	395	35
432	396	135
432	397	75
432	398	58
432	399	221
432	400	178
432	401	251
432	402	114
432	403	142
432	404	128
432	405	102
432	406	61
432	407	5
432	408	4
432	409	1
432	410	3
432	411	1
432	412	12
432	413	3
432	414	3
432	415	2
432	416	0
432	417	0
432	418	0
432	419	0
432	420	0
432	421	0
432	422	0
432	423	0
432	424	0
432	425	0
432	426	0
432	427	0
432	428	0
432	429	0
432	430	0
432	431	0
432	432	0
