length	num_GC	number_of_fragments
405	0	6263
405	1	7682
405	2	10750
405	3	13087
405	4	12776
405	5	13244
405	6	15167
405	7	17630
405	8	18558
405	9	21590
405	10	21778
405	11	22058
405	12	24441
405	13	27036
405	14	27089
405	15	25154
405	16	27201
405	17	28476
405	18	28907
405	19	26902
405	20	28210
405	21	29270
405	22	29263
405	23	28556
405	24	28940
405	25	30142
405	26	29282
405	27	30158
405	28	29894
405	29	29431
405	30	30015
405	31	29374
405	32	30596
405	33	32143
405	34	32281
405	35	31804
405	36	32520
405	37	31599
405	38	32504
405	39	34005
405	40	35116
405	41	36207
405	42	36434
405	43	36449
405	44	36096
405	45	37674
405	46	38420
405	47	38733
405	48	38424
405	49	39274
405	50	40594
405	51	41952
405	52	43019
405	53	44988
405	54	47042
405	55	48194
405	56	49476
405	57	50868
405	58	52983
405	59	52983
405	60	54129
405	61	58869
405	62	61693
405	63	64021
405	64	65939
405	65	67724
405	66	70702
405	67	73155
405	68	76559
405	69	80262
405	70	85370
405	71	92606
405	72	98851
405	73	106270
405	74	112793
405	75	121821
405	76	135040
405	77	150285
405	78	169323
405	79	192028
405	80	216296
405	81	248067
405	82	288829
405	83	340692
405	84	401147
405	85	469769
405	86	557010
405	87	657793
405	88	779865
405	89	922902
405	90	1093888
405	91	1298373
405	92	1521871
405	93	1789998
405	94	2104001
405	95	2457969
405	96	2858336
405	97	3299279
405	98	3812108
405	99	4385518
405	100	5015006
405	101	5732839
405	102	6509057
405	103	7337969
405	104	8251570
405	105	9214432
405	106	10255663
405	107	11362109
405	108	12525262
405	109	13741305
405	110	15020076
405	111	16360879
405	112	17743509
405	113	19178625
405	114	20624858
405	115	22080674
405	116	23564020
405	117	25095426
405	118	26610318
405	119	28133292
405	120	29650288
405	121	31179407
405	122	32692893
405	123	34182575
405	124	35710404
405	125	37182210
405	126	38598057
405	127	40020543
405	128	41439335
405	129	42753225
405	130	44025730
405	131	45341352
405	132	46605547
405	133	47811790
405	134	48958188
405	135	50101846
405	136	51148240
405	137	52132009
405	138	53074712
405	139	53993009
405	140	54869037
405	141	55635776
405	142	56322474
405	143	56927687
405	144	57479811
405	145	57943777
405	146	58424136
405	147	58778463
405	148	59132065
405	149	59431511
405	150	59669375
405	151	59773030
405	152	59790845
405	153	59744448
405	154	59624529
405	155	59459884
405	156	59246198
405	157	58960864
405	158	58566257
405	159	58248571
405	160	57812968
405	161	57314359
405	162	56763140
405	163	56171925
405	164	55500467
405	165	54939519
405	166	54361033
405	167	53821057
405	168	53371480
405	169	52989897
405	170	52592759
405	171	52220669
405	172	51837979
405	173	51417728
405	174	51022769
405	175	50599936
405	176	50204458
405	177	49783788
405	178	49335322
405	179	48890596
405	180	48370886
405	181	47914601
405	182	47399900
405	183	46858910
405	184	46251441
405	185	45600863
405	186	44897627
405	187	44135056
405	188	43353854
405	189	42537840
405	190	41692083
405	191	40803028
405	192	39845874
405	193	38844501
405	194	37860181
405	195	36870178
405	196	35870646
405	197	34862399
405	198	33785917
405	199	32769330
405	200	31746414
405	201	30707949
405	202	29686440
405	203	28657463
405	204	27655865
405	205	26626835
405	206	25605129
405	207	24605842
405	208	23612463
405	209	22661904
405	210	21704865
405	211	20761223
405	212	19884995
405	213	19028127
405	214	18174685
405	215	17361287
405	216	16567390
405	217	15801539
405	218	15070914
405	219	14383961
405	220	13709109
405	221	13075515
405	222	12477217
405	223	11918945
405	224	11377439
405	225	10851734
405	226	10368589
405	227	9906592
405	228	9479756
405	229	9049411
405	230	8656252
405	231	8291329
405	232	7962069
405	233	7622683
405	234	7304452
405	235	7026898
405	236	6767784
405	237	6515209
405	238	6265349
405	239	6024936
405	240	5804659
405	241	5606887
405	242	5417892
405	243	5226382
405	244	5038306
405	245	4855179
405	246	4681558
405	247	4509614
405	248	4352194
405	249	4182551
405	250	4023479
405	251	3877860
405	252	3736288
405	253	3596939
405	254	3453956
405	255	3296986
405	256	3161110
405	257	3032959
405	258	2907368
405	259	2781967
405	260	2654043
405	261	2521473
405	262	2397880
405	263	2284355
405	264	2163858
405	265	2058652
405	266	1957322
405	267	1853292
405	268	1746853
405	269	1642809
405	270	1557375
405	271	1480055
405	272	1391688
405	273	1318431
405	274	1249473
405	275	1180955
405	276	1110174
405	277	1051390
405	278	998662
405	279	947807
405	280	906655
405	281	869081
405	282	830193
405	283	795536
405	284	765584
405	285	736604
405	286	705000
405	287	678149
405	288	647626
405	289	623297
405	290	594412
405	291	570648
405	292	551202
405	293	529610
405	294	512425
405	295	494402
405	296	476118
405	297	460444
405	298	441930
405	299	422860
405	300	406309
405	301	390359
405	302	379368
405	303	365185
405	304	347471
405	305	334229
405	306	322879
405	307	312174
405	308	302165
405	309	292468
405	310	278417
405	311	263741
405	312	249227
405	313	239188
405	314	231680
405	315	222200
405	316	212133
405	317	201184
405	318	193181
405	319	187676
405	320	180272
405	321	171506
405	322	163451
405	323	156601
405	324	148801
405	325	140693
405	326	131312
405	327	119759
405	328	110312
405	329	99679
405	330	88980
405	331	78834
405	332	68349
405	333	59585
405	334	53684
405	335	47554
405	336	42623
405	337	38000
405	338	33305
405	339	29568
405	340	27075
405	341	23685
405	342	20638
405	343	18192
405	344	15503
405	345	12822
405	346	11332
405	347	9657
405	348	8597
405	349	7341
405	350	5796
405	351	5004
405	352	3816
405	353	3164
405	354	2940
405	355	1932
405	356	1829
405	357	1517
405	358	1027
405	359	976
405	360	882
405	361	853
405	362	639
405	363	364
405	364	414
405	365	419
405	366	349
405	367	159
405	368	48
405	369	83
405	370	111
405	371	62
405	372	168
405	373	88
405	374	70
405	375	158
405	376	182
405	377	140
405	378	187
405	379	283
405	380	55
405	381	37
405	382	30
405	383	1
405	384	3
405	385	1
405	386	11
405	387	3
405	388	1
405	389	5
405	390	0
405	391	0
405	392	0
405	393	0
405	394	0
405	395	0
405	396	0
405	397	0
405	398	0
405	399	0
405	400	0
405	401	0
405	402	0
405	403	0
405	404	0
405	405	0
