length	num_GC	number_of_fragments
450	0	3839
450	1	5133
450	2	7613
450	3	9586
450	4	9543
450	5	9622
450	6	11046
450	7	11946
450	8	12977
450	9	15290
450	10	17209
450	11	17315
450	12	17652
450	13	20890
450	14	20425
450	15	21735
450	16	21255
450	17	22226
450	18	24056
450	19	24074
450	20	22821
450	21	23010
450	22	23724
450	23	23003
450	24	24379
450	25	23905
450	26	23301
450	27	24510
450	28	24310
450	29	24171
450	30	24324
450	31	24208
450	32	24317
450	33	25540
450	34	26215
450	35	25812
450	36	26534
450	37	26036
450	38	25857
450	39	28455
450	40	28219
450	41	27228
450	42	27201
450	43	28195
450	44	28312
450	45	29594
450	46	29554
450	47	31590
450	48	31062
450	49	31497
450	50	30777
450	51	31549
450	52	31744
450	53	32708
450	54	32991
450	55	32760
450	56	34569
450	57	35490
450	58	36680
450	59	38306
450	60	39022
450	61	38334
450	62	41000
450	63	40734
450	64	42564
450	65	43187
450	66	44729
450	67	46115
450	68	48163
450	69	50604
450	70	51593
450	71	53770
450	72	54376
450	73	58221
450	74	60049
450	75	61473
450	76	64600
450	77	67724
450	78	69535
450	79	72621
450	80	78087
450	81	81655
450	82	86038
450	83	92465
450	84	98418
450	85	108818
450	86	117024
450	87	128132
450	88	142911
450	89	159284
450	90	180366
450	91	204066
450	92	234526
450	93	269297
450	94	309276
450	95	356379
450	96	416864
450	97	490325
450	98	575073
450	99	669344
450	100	785836
450	101	922402
450	102	1073103
450	103	1253213
450	104	1461529
450	105	1696178
450	106	1959927
450	107	2258034
450	108	2601393
450	109	2980987
450	110	3400030
450	111	3857072
450	112	4366588
450	113	4928992
450	114	5547158
450	115	6213926
450	116	6950198
450	117	7739529
450	118	8557888
450	119	9421254
450	120	10349374
450	121	11313612
450	122	12336896
450	123	13400083
450	124	14489919
450	125	15606996
450	126	16786688
450	127	17993390
450	128	19237513
450	129	20468742
450	130	21732266
450	131	23017689
450	132	24271622
450	133	25547700
450	134	26819432
450	135	28099103
450	136	29384884
450	137	30666765
450	138	31923953
450	139	33152697
450	140	34368547
450	141	35564645
450	142	36738771
450	143	37876558
450	144	38988313
450	145	40116313
450	146	41181525
450	147	42267312
450	148	43279693
450	149	44278757
450	150	45192702
450	151	46112863
450	152	46963444
450	153	47814139
450	154	48617388
450	155	49347253
450	156	50046387
450	157	50716358
450	158	51301121
450	159	51845596
450	160	52356229
450	161	52793525
450	162	53188715
450	163	53586951
450	164	53896695
450	165	54172973
450	166	54388762
450	167	54543175
450	168	54638593
450	169	54692168
450	170	54722235
450	171	54669458
450	172	54539505
450	173	54423212
450	174	54306884
450	175	54124572
450	176	53855720
450	177	53537472
450	178	53118432
450	179	52721692
450	180	52295769
450	181	51839697
450	182	51363321
450	183	50916771
450	184	50502281
450	185	50180098
450	186	49910392
450	187	49689609
450	188	49401745
450	189	49171244
450	190	48891654
450	191	48633870
450	192	48383366
450	193	48084955
450	194	47757636
450	195	47361984
450	196	46945314
450	197	46495525
450	198	46019482
450	199	45530338
450	200	45039221
450	201	44514678
450	202	43949600
450	203	43354878
450	204	42732219
450	205	42008327
450	206	41298177
450	207	40558052
450	208	39750689
450	209	38908156
450	210	38095754
450	211	37211179
450	212	36363276
450	213	35543149
450	214	34655579
450	215	33780353
450	216	32899634
450	217	32029601
450	218	31194798
450	219	30336434
450	220	29491250
450	221	28659688
450	222	27820431
450	223	26988046
450	224	26220623
450	225	25413373
450	226	24604636
450	227	23787871
450	228	22984274
450	229	22182954
450	230	21394734
450	231	20603177
450	232	19827879
450	233	19076822
450	234	18357052
450	235	17633007
450	236	16920961
450	237	16216350
450	238	15541444
450	239	14889981
450	240	14291202
450	241	13722952
450	242	13146214
450	243	12583908
450	244	12067425
450	245	11585262
450	246	11115021
450	247	10671366
450	248	10263161
450	249	9841127
450	250	9453364
450	251	9077481
450	252	8730652
450	253	8396499
450	254	8055589
450	255	7741005
450	256	7463367
450	257	7180445
450	258	6909430
450	259	6664676
450	260	6430438
450	261	6204348
450	262	5983610
450	263	5794137
450	264	5594262
450	265	5415194
450	266	5239032
450	267	5073305
450	268	4917137
450	269	4755444
450	270	4593515
450	271	4440739
450	272	4298802
450	273	4151007
450	274	4026054
450	275	3879029
450	276	3745477
450	277	3629188
450	278	3510637
450	279	3395137
450	280	3274484
450	281	3151792
450	282	3041926
450	283	2940456
450	284	2825867
450	285	2720887
450	286	2621266
450	287	2516415
450	288	2412136
450	289	2320448
450	290	2219030
450	291	2112220
450	292	2008923
450	293	1922667
450	294	1834927
450	295	1754886
450	296	1683379
450	297	1592681
450	298	1508532
450	299	1430252
450	300	1364998
450	301	1297108
450	302	1233477
450	303	1179080
450	304	1116960
450	305	1053994
450	306	998791
450	307	949823
450	308	903168
450	309	859340
450	310	821478
450	311	792787
450	312	767214
450	313	738867
450	314	706539
450	315	681925
450	316	659324
450	317	634450
450	318	606503
450	319	586523
450	320	563300
450	321	542524
450	322	520484
450	323	504282
450	324	489323
450	325	475395
450	326	456196
450	327	441856
450	328	428464
450	329	407820
450	330	391892
450	331	378951
450	332	363887
450	333	355978
450	334	344537
450	335	332073
450	336	319547
450	337	311272
450	338	300666
450	339	289662
450	340	282189
450	341	269981
450	342	262123
450	343	250956
450	344	244444
450	345	236699
450	346	225502
450	347	212867
450	348	202784
450	349	193540
450	350	188307
450	351	180280
450	352	172303
450	353	164362
450	354	158262
450	355	152455
450	356	146828
450	357	142733
450	358	136498
450	359	130135
450	360	123904
450	361	116647
450	362	108635
450	363	102145
450	364	94577
450	365	85722
450	366	76500
450	367	68481
450	368	59645
450	369	53020
450	370	45883
450	371	41177
450	372	37244
450	373	35215
450	374	32450
450	375	30252
450	376	26542
450	377	22470
450	378	19912
450	379	17929
450	380	15744
450	381	13638
450	382	12086
450	383	10173
450	384	8779
450	385	7757
450	386	6536
450	387	5309
450	388	4850
450	389	3949
450	390	3393
450	391	2519
450	392	2054
450	393	1461
450	394	1156
450	395	1324
450	396	1088
450	397	976
450	398	642
450	399	566
450	400	585
450	401	481
450	402	437
450	403	459
450	404	400
450	405	246
450	406	217
450	407	77
450	408	14
450	409	32
450	410	14
450	411	34
450	412	34
450	413	74
450	414	201
450	415	117
450	416	218
450	417	255
450	418	136
450	419	76
450	420	44
450	421	138
450	422	100
450	423	40
450	424	32
450	425	5
450	426	8
450	427	3
450	428	1
450	429	0
450	430	0
450	431	0
450	432	0
450	433	0
450	434	0
450	435	0
450	436	0
450	437	0
450	438	0
450	439	0
450	440	0
450	441	0
450	442	0
450	443	0
450	444	0
450	445	0
450	446	0
450	447	0
450	448	0
450	449	0
450	450	0
