length	num_GC	number_of_fragments
485	0	2625
485	1	3811
485	2	5811
485	3	7315
485	4	7052
485	5	7770
485	6	9377
485	7	9425
485	8	9779
485	9	11497
485	10	14372
485	11	13880
485	12	13548
485	13	16844
485	14	16948
485	15	17362
485	16	18104
485	17	18358
485	18	21063
485	19	20478
485	20	20347
485	21	19897
485	22	20550
485	23	20512
485	24	20551
485	25	21372
485	26	21097
485	27	20238
485	28	20906
485	29	20943
485	30	21113
485	31	21271
485	32	19965
485	33	20763
485	34	21882
485	35	21915
485	36	22379
485	37	22675
485	38	22030
485	39	22298
485	40	22784
485	41	22542
485	42	24873
485	43	25685
485	44	25082
485	45	24298
485	46	23945
485	47	25432
485	48	26005
485	49	25665
485	50	27093
485	51	27849
485	52	27553
485	53	26692
485	54	27866
485	55	28441
485	56	28263
485	57	28914
485	58	28507
485	59	29502
485	60	30093
485	61	31575
485	62	32618
485	63	32966
485	64	33159
485	65	33451
485	66	34509
485	67	36076
485	68	37738
485	69	37356
485	70	38567
485	71	38761
485	72	39281
485	73	40310
485	74	41515
485	75	43936
485	76	45059
485	77	46166
485	78	48851
485	79	50540
485	80	52225
485	81	53279
485	82	56164
485	83	58789
485	84	62213
485	85	64268
485	86	65124
485	87	68442
485	88	72402
485	89	76368
485	90	80634
485	91	85967
485	92	91572
485	93	100397
485	94	107357
485	95	117933
485	96	127664
485	97	140023
485	98	159152
485	99	180666
485	100	204577
485	101	229728
485	102	264762
485	103	305772
485	104	352277
485	105	408531
485	106	473828
485	107	552216
485	108	644486
485	109	743486
485	110	857689
485	111	991379
485	112	1149474
485	113	1334491
485	114	1541259
485	115	1764312
485	116	2018440
485	117	2305680
485	118	2624756
485	119	2977828
485	120	3365492
485	121	3784065
485	122	4250445
485	123	4759966
485	124	5309290
485	125	5907475
485	126	6547520
485	127	7223372
485	128	7952938
485	129	8715084
485	130	9527639
485	131	10385341
485	132	11260024
485	133	12190284
485	134	13154940
485	135	14122027
485	136	15132522
485	137	16182873
485	138	17237541
485	139	18338553
485	140	19454618
485	141	20555186
485	142	21680230
485	143	22817326
485	144	23954492
485	145	25064982
485	146	26194358
485	147	27333049
485	148	28452477
485	149	29556697
485	150	30633077
485	151	31711466
485	152	32760815
485	153	33800008
485	154	34832961
485	155	35841357
485	156	36872359
485	157	37855989
485	158	38811970
485	159	39686489
485	160	40558104
485	161	41421363
485	162	42260917
485	163	43033211
485	164	43809330
485	165	44549182
485	166	45288219
485	167	45944396
485	168	46580163
485	169	47179778
485	170	47775578
485	171	48282526
485	172	48716811
485	173	49181220
485	174	49610964
485	175	49987482
485	176	50299436
485	177	50578565
485	178	50822231
485	179	51044644
485	180	51205450
485	181	51276754
485	182	51362102
485	183	51424016
485	184	51470545
485	185	51466018
485	186	51410672
485	187	51340848
485	188	51262448
485	189	51088078
485	190	50927018
485	191	50645086
485	192	50359197
485	193	50041572
485	194	49659180
485	195	49209122
485	196	48826970
485	197	48463189
485	198	48146109
485	199	47896397
485	200	47700173
485	201	47473314
485	202	47283549
485	203	47105547
485	204	46915772
485	205	46688628
485	206	46424312
485	207	46135725
485	208	45807121
485	209	45426765
485	210	45030035
485	211	44620695
485	212	44172668
485	213	43682133
485	214	43171251
485	215	42617017
485	216	42069160
485	217	41476252
485	218	40885552
485	219	40291419
485	220	39621983
485	221	38931162
485	222	38216378
485	223	37497623
485	224	36762456
485	225	36005196
485	226	35271079
485	227	34505082
485	228	33739749
485	229	32977492
485	230	32208010
485	231	31432124
485	232	30673439
485	233	29958518
485	234	29200163
485	235	28427651
485	236	27706223
485	237	26992311
485	238	26272058
485	239	25585258
485	240	24882144
485	241	24166760
485	242	23467911
485	243	22780944
485	244	22060083
485	245	21342107
485	246	20672734
485	247	19975251
485	248	19301691
485	249	18658477
485	250	18003355
485	251	17359927
485	252	16704729
485	253	16092644
485	254	15483973
485	255	14888557
485	256	14307802
485	257	13764389
485	258	13223622
485	259	12723666
485	260	12243752
485	261	11798094
485	262	11362326
485	263	10927172
485	264	10519055
485	265	10141059
485	266	9769469
485	267	9422557
485	268	9069611
485	269	8746051
485	270	8432193
485	271	8138883
485	272	7848897
485	273	7559592
485	274	7287113
485	275	7034959
485	276	6794115
485	277	6552456
485	278	6333060
485	279	6118074
485	280	5916349
485	281	5733418
485	282	5545782
485	283	5372208
485	284	5200789
485	285	5042635
485	286	4896978
485	287	4750234
485	288	4610482
485	289	4466042
485	290	4330483
485	291	4202750
485	292	4073542
485	293	3937298
485	294	3798782
485	295	3687174
485	296	3577511
485	297	3473451
485	298	3359915
485	299	3255944
485	300	3164265
485	301	3057949
485	302	2959167
485	303	2864330
485	304	2769181
485	305	2673647
485	306	2579380
485	307	2488697
485	308	2398616
485	309	2318809
485	310	2239018
485	311	2151794
485	312	2067646
485	313	1978364
485	314	1896993
485	315	1820726
485	316	1740248
485	317	1662710
485	318	1589955
485	319	1523867
485	320	1455460
485	321	1391559
485	322	1325518
485	323	1261214
485	324	1200728
485	325	1150563
485	326	1095085
485	327	1044623
485	328	994589
485	329	948008
485	330	903672
485	331	859827
485	332	815032
485	333	781355
485	334	752589
485	335	722208
485	336	699700
485	337	680578
485	338	653100
485	339	629705
485	340	606780
485	341	585079
485	342	563265
485	343	539905
485	344	522016
485	345	507361
485	346	491820
485	347	473359
485	348	457411
485	349	442450
485	350	430440
485	351	422832
485	352	406602
485	353	390368
485	354	374230
485	355	364304
485	356	349904
485	357	336353
485	358	326226
485	359	314012
485	360	308084
485	361	298761
485	362	290769
485	363	281456
485	364	271018
485	365	261714
485	366	254367
485	367	248134
485	368	240319
485	369	231478
485	370	224279
485	371	213993
485	372	208567
485	373	201546
485	374	190875
485	375	182987
485	376	174869
485	377	168683
485	378	163299
485	379	153910
485	380	146665
485	381	142271
485	382	137096
485	383	131983
485	384	127659
485	385	122116
485	386	118077
485	387	113629
485	388	108247
485	389	101589
485	390	94074
485	391	89624
485	392	83825
485	393	74602
485	394	66694
485	395	60891
485	396	54246
485	397	48335
485	398	43448
485	399	38436
485	400	35678
485	401	32763
485	402	29449
485	403	27290
485	404	25657
485	405	22599
485	406	19084
485	407	16823
485	408	14555
485	409	13473
485	410	12203
485	411	10941
485	412	9617
485	413	7613
485	414	6727
485	415	5810
485	416	5146
485	417	4339
485	418	3458
485	419	2857
485	420	2438
485	421	2068
485	422	1629
485	423	1266
485	424	945
485	425	657
485	426	732
485	427	899
485	428	653
485	429	675
485	430	393
485	431	431
485	432	461
485	433	382
485	434	356
485	435	232
485	436	165
485	437	141
485	438	83
485	439	31
485	440	32
485	441	60
485	442	61
485	443	114
485	444	76
485	445	118
485	446	74
485	447	104
485	448	110
485	449	254
485	450	144
485	451	94
485	452	20
485	453	34
485	454	54
485	455	140
485	456	52
485	457	0
485	458	0
485	459	0
485	460	0
485	461	0
485	462	0
485	463	0
485	464	0
485	465	0
485	466	0
485	467	0
485	468	0
485	469	0
485	470	0
485	471	0
485	472	0
485	473	0
485	474	0
485	475	0
485	476	0
485	477	0
485	478	0
485	479	0
485	480	0
485	481	0
485	482	0
485	483	0
485	484	0
485	485	0
