length	num_GC	number_of_fragments
471	0	3062
471	1	4321
471	2	6414
471	3	8184
471	4	8010
471	5	8569
471	6	9937
471	7	10111
471	8	10814
471	9	13241
471	10	15467
471	11	14788
471	12	15232
471	13	18879
471	14	18134
471	15	18746
471	16	19115
471	17	20616
471	18	22016
471	19	21265
471	20	21472
471	21	21010
471	22	22018
471	23	21381
471	24	22383
471	25	22076
471	26	22138
471	27	21122
471	28	22472
471	29	22267
471	30	21959
471	31	22215
471	32	20949
471	33	22677
471	34	23747
471	35	23854
471	36	24160
471	37	23356
471	38	23288
471	39	24392
471	40	24096
471	41	26642
471	42	26973
471	43	26404
471	44	25229
471	45	25833
471	46	26166
471	47	26889
471	48	27469
471	49	28492
471	50	29917
471	51	29204
471	52	28309
471	53	28685
471	54	30227
471	55	29161
471	56	30274
471	57	31015
471	58	31490
471	59	32368
471	60	33862
471	61	34957
471	62	34843
471	63	34593
471	64	36672
471	65	37164
471	66	39350
471	67	39409
471	68	39928
471	69	40471
471	70	41937
471	71	43528
471	72	45342
471	73	45187
471	74	48317
471	75	50604
471	76	52609
471	77	54030
471	78	55236
471	79	58056
471	80	59923
471	81	62956
471	82	64768
471	83	68581
471	84	72131
471	85	76006
471	86	78789
471	87	84853
471	88	89875
471	89	95021
471	90	102998
471	91	112566
471	92	123814
471	93	137140
471	94	152123
471	95	171245
471	96	193914
471	97	222416
471	98	252135
471	99	289156
471	100	333755
471	101	387566
471	102	452260
471	103	529855
471	104	614621
471	105	714111
471	106	833843
471	107	964310
471	108	1123413
471	109	1305284
471	110	1509802
471	111	1742401
471	112	1995503
471	113	2293305
471	114	2621942
471	115	2979691
471	116	3377618
471	117	3823871
471	118	4307957
471	119	4827441
471	120	5406058
471	121	6022633
471	122	6696362
471	123	7438757
471	124	8195178
471	125	8989652
471	126	9844117
471	127	10748213
471	128	11676932
471	129	12648558
471	130	13661985
471	131	14703282
471	132	15758989
471	133	16870070
471	134	17996141
471	135	19143684
471	136	20306013
471	137	21503660
471	138	22691464
471	139	23854841
471	140	25028184
471	141	26213449
471	142	27419046
471	143	28583825
471	144	29755716
471	145	30932302
471	146	32040870
471	147	33185689
471	148	34291263
471	149	35329242
471	150	36415212
471	151	37509004
471	152	38513287
471	153	39507472
471	154	40487548
471	155	41435712
471	156	42326966
471	157	43232176
471	158	44051177
471	159	44868992
471	160	45678266
471	161	46420296
471	162	47117223
471	163	47778336
471	164	48403862
471	165	49004515
471	166	49560198
471	167	50033512
471	168	50490112
471	169	50864533
471	170	51268249
471	171	51622607
471	172	51915445
471	173	52165180
471	174	52359783
471	175	52477213
471	176	52591234
471	177	52656665
471	178	52676433
471	179	52696781
471	180	52626327
471	181	52535063
471	182	52449573
471	183	52292534
471	184	52100385
471	185	51854303
471	186	51557723
471	187	51173892
471	188	50801785
471	189	50379539
471	190	49938590
471	191	49561870
471	192	49191581
471	193	48869339
471	194	48620156
471	195	48405115
471	196	48168916
471	197	47979661
471	198	47784815
471	199	47590222
471	200	47325127
471	201	47066968
471	202	46726751
471	203	46362406
471	204	45975689
471	205	45543294
471	206	45099925
471	207	44629074
471	208	44125194
471	209	43569855
471	210	43055928
471	211	42475827
471	212	41871408
471	213	41230666
471	214	40534620
471	215	39858499
471	216	39121516
471	217	38383771
471	218	37594478
471	219	36822941
471	220	36028289
471	221	35214215
471	222	34416664
471	223	33604117
471	224	32803139
471	225	31988879
471	226	31207201
471	227	30428287
471	228	29634141
471	229	28840202
471	230	28084102
471	231	27323777
471	232	26587180
471	233	25821983
471	234	25064759
471	235	24334846
471	236	23613819
471	237	22872022
471	238	22148367
471	239	21409716
471	240	20670495
471	241	19966525
471	242	19261429
471	243	18560805
471	244	17885486
471	245	17216169
471	246	16556843
471	247	15918783
471	248	15284066
471	249	14657827
471	250	14063312
471	251	13530092
471	252	13014032
471	253	12489611
471	254	12004754
471	255	11541508
471	256	11088094
471	257	10665562
471	258	10261978
471	259	9879076
471	260	9510878
471	261	9152870
471	262	8814784
471	263	8477112
471	264	8176251
471	265	7871618
471	266	7577308
471	267	7298623
471	268	7031235
471	269	6780936
471	270	6565229
471	271	6328877
471	272	6106192
471	273	5895890
471	274	5712869
471	275	5537231
471	276	5356268
471	277	5179494
471	278	5025309
471	279	4876452
471	280	4738638
471	281	4582982
471	282	4434643
471	283	4285300
471	284	4157954
471	285	4021607
471	286	3884305
471	287	3761513
471	288	3646188
471	289	3536296
471	290	3420177
471	291	3315562
471	292	3204072
471	293	3101932
471	294	3004126
471	295	2890956
471	296	2789811
471	297	2688146
471	298	2595782
471	299	2500858
471	300	2412888
471	301	2330318
471	302	2234199
471	303	2138819
471	304	2052693
471	305	1961675
471	306	1872434
471	307	1786420
471	308	1714201
471	309	1638814
471	310	1566374
471	311	1495873
471	312	1424687
471	313	1352039
471	314	1288855
471	315	1227337
471	316	1166030
471	317	1115180
471	318	1062228
471	319	1009541
471	320	960580
471	321	911809
471	322	866551
471	323	824585
471	324	788277
471	325	759650
471	326	737262
471	327	711802
471	328	686549
471	329	657395
471	330	634229
471	331	613726
471	332	590207
471	333	571692
471	334	545398
471	335	522792
471	336	509774
471	337	494059
471	338	476628
471	339	463170
471	340	447324
471	341	433427
471	342	420324
471	343	405744
471	344	386847
471	345	372546
471	346	360194
471	347	346690
471	348	337395
471	349	328643
471	350	317299
471	351	308389
471	352	299224
471	353	288928
471	354	276728
471	355	267840
471	356	259978
471	357	254957
471	358	247128
471	359	237667
471	360	228652
471	361	219630
471	362	211756
471	363	202459
471	364	190135
471	365	183213
471	366	176998
471	367	170962
471	368	163308
471	369	155160
471	370	149832
471	371	143408
471	372	137130
471	373	135666
471	374	129956
471	375	124265
471	376	117932
471	377	112092
471	378	105662
471	379	100613
471	380	93489
471	381	84686
471	382	77028
471	383	68846
471	384	61124
471	385	54618
471	386	49579
471	387	43751
471	388	39249
471	389	35508
471	390	32664
471	391	30886
471	392	28674
471	393	25230
471	394	21847
471	395	18734
471	396	16401
471	397	15381
471	398	13191
471	399	12274
471	400	10325
471	401	8612
471	402	7564
471	403	6451
471	404	5492
471	405	4664
471	406	4105
471	407	3175
471	408	2663
471	409	2291
471	410	1983
471	411	1359
471	412	999
471	413	885
471	414	743
471	415	953
471	416	711
471	417	617
471	418	564
471	419	403
471	420	296
471	421	435
471	422	429
471	423	265
471	424	190
471	425	102
471	426	63
471	427	14
471	428	32
471	429	28
471	430	53
471	431	75
471	432	117
471	433	107
471	434	117
471	435	271
471	436	172
471	437	152
471	438	82
471	439	29
471	440	38
471	441	116
471	442	127
471	443	30
471	444	0
471	445	0
471	446	0
471	447	0
471	448	0
471	449	0
471	450	0
471	451	0
471	452	0
471	453	0
471	454	0
471	455	0
471	456	0
471	457	0
471	458	0
471	459	0
471	460	0
471	461	0
471	462	0
471	463	0
471	464	0
471	465	0
471	466	0
471	467	0
471	468	0
471	469	0
471	470	0
471	471	0
